MODEL.01
 
ISOTROPIC
KGS
SPHERICAL EARTH
1-D
CONSTANT VELOCITY
LINE08
LINE09
LINE10
LINE11
      H(KM)   VP(KM/S)   VS(KM/S) RHO(GM/CC)     QP         QS       ETAP       ETAS      FREFP      FREFS    
     2.0000     5.8639     3.2706     2.6756  0.118E-02  0.167E-02   0.00       0.00       1.00       1.00    
     2.0000     6.3345     3.5332     2.7986  0.118E-02  0.167E-02   0.00       0.00       1.00       1.00    
     2.0000     6.4997     3.6253     2.8473  0.118E-02  0.167E-02   0.00       0.00       1.00       1.00    
     2.0000     6.3497     3.5419     2.8061  0.118E-02  0.167E-02   0.00       0.00       1.00       1.00    
     2.0000     6.4322     3.5878     2.8300  0.118E-02  0.167E-02   0.00       0.00       1.00       1.00    
     2.0000     6.2098     3.4640     2.7646  0.118E-02  0.167E-02   0.00       0.00       1.00       1.00    
     2.0000     6.2126     3.4653     2.7642  0.118E-02  0.167E-02   0.00       0.00       1.00       1.00    
     2.0000     6.2966     3.5122     2.7888  0.118E-02  0.167E-02   0.00       0.00       1.00       1.00    
     2.0000     6.3803     3.5588     2.8138  0.118E-02  0.167E-02   0.00       0.00       1.00       1.00    
     2.0000     6.4342     3.5887     2.8301  0.118E-02  0.167E-02   0.00       0.00       1.00       1.00    
     2.0000     6.6040     3.6837     2.8754  0.118E-02  0.167E-02   0.00       0.00       1.00       1.00    
     2.0000     6.6014     3.6821     2.8744  0.118E-02  0.167E-02   0.00       0.00       1.00       1.00    
     2.0000     6.6223     3.6940     2.8808  0.118E-02  0.167E-02   0.00       0.00       1.00       1.00    
     2.0000     6.6908     3.7320     2.9004  0.118E-02  0.167E-02   0.00       0.00       1.00       1.00    
     2.0000     7.2243     4.0298     3.0514  0.118E-02  0.167E-02   0.00       0.00       1.00       1.00    
     2.0000     7.8744     4.3923     3.2652  0.118E-02  0.167E-02   0.00       0.00       1.00       1.00    
     2.0000     7.9975     4.4609     3.3090  0.118E-02  0.167E-02   0.00       0.00       1.00       1.00    
     2.0000     7.9380     4.4277     3.2900  0.118E-02  0.167E-02   0.00       0.00       1.00       1.00    
     2.0000     7.9906     4.4570     3.3074  0.118E-02  0.167E-02   0.00       0.00       1.00       1.00    
     2.0000     8.0406     4.4850     3.3227  0.118E-02  0.167E-02   0.00       0.00       1.00       1.00    
     2.0000     7.8068     4.3543     3.2433  0.118E-02  0.167E-02   0.00       0.00       1.00       1.00    
     2.0000     7.6613     4.2734     3.1944  0.118E-02  0.167E-02   0.00       0.00       1.00       1.00    
     2.0000     7.7556     4.3260     3.2262  0.118E-02  0.167E-02   0.00       0.00       1.00       1.00    
     2.0000     7.8489     4.3779     3.2588  0.118E-02  0.167E-02   0.00       0.00       1.00       1.00    
     2.0000     7.8055     4.3538     3.2456  0.118E-02  0.167E-02   0.00       0.00       1.00       1.00    
     5.0000     7.7732     4.3357     3.2339  0.118E-02  0.167E-02   0.00       0.00       1.00       1.00    
     5.0000     7.8486     4.3787     3.2578  0.118E-02  0.167E-02   0.00       0.00       1.00       1.00    
     5.0000     7.8338     4.3711     3.2522  0.118E-02  0.167E-02   0.00       0.00       1.00       1.00    
     5.0000     7.6870     4.2902     3.2045  0.118E-02  0.167E-02   0.00       0.00       1.00       1.00    
     5.0000     7.6183     4.2525     3.1825  0.118E-02  0.167E-02   0.00       0.00       1.00       1.00    
     5.0000     7.6777     4.2780     3.2017  0.118E-02  0.167E-02   0.00       0.00       1.00       1.00    
     5.0000     7.7017     4.3011     3.2092  0.118E-02  0.167E-02   0.00       0.00       1.00       1.00    
     5.0000     7.7070     4.3047     3.2110  0.118E-02  0.167E-02   0.00       0.00       1.00       1.00    
     5.0000     7.7075     4.3039     3.2112  0.118E-02  0.167E-02   0.00       0.00       1.00       1.00    
     5.0000     7.7129     4.3095     3.2131  0.118E-02  0.167E-02   0.00       0.00       1.00       1.00    
    10.0000     7.7339     4.3192     3.2201  0.118E-02  0.167E-02   0.00       0.00       1.00       1.00    
    10.0000     7.7493     4.3318     3.2251  0.118E-02  0.167E-02   0.00       0.00       1.00       1.00    
    10.0000     7.7806     4.3430     3.2355  0.862E-02  0.131E-01   0.00       0.00       1.00       1.00    
    10.0000     7.8158     4.3494     3.2474  0.862E-02  0.131E-01   0.00       0.00       1.00       1.00    
    10.0000     7.8567     4.3585     3.2610  0.855E-02  0.131E-01   0.00       0.00       1.00       1.00    
    10.0000     7.9038     4.3726     3.2767  0.847E-02  0.131E-01   0.00       0.00       1.00       1.00    
    10.0000     7.9486     4.3846     3.2918  0.847E-02  0.131E-01   0.00       0.00       1.00       1.00    
    10.0000     7.9932     4.3958     3.3067  0.833E-02  0.130E-01   0.00       0.00       1.00       1.00    
    10.0000     8.0407     4.4091     3.3234  0.826E-02  0.129E-01   0.00       0.00       1.00       1.00    
    10.0000     8.0888     4.4223     3.3405  0.813E-02  0.128E-01   0.00       0.00       1.00       1.00    
    10.0000     8.1351     4.4343     3.3569  0.806E-02  0.126E-01   0.00       0.00       1.00       1.00    
    10.0000     8.1845     4.4543     3.3746  0.474E-02  0.746E-02   0.00       0.00       1.00       1.00    
    10.0000     8.2369     4.4814     3.3933  0.472E-02  0.741E-02   0.00       0.00       1.00       1.00    
    10.0000     8.2876     4.5077     3.4115  0.469E-02  0.741E-02   0.00       0.00       1.00       1.00    
    10.0000     8.3379     4.5330     3.4296  0.467E-02  0.735E-02   0.00       0.00       1.00       1.00    
    10.0000     8.3865     4.5585     3.4471  0.465E-02  0.735E-02   0.00       0.00       1.00       1.00    
    10.0000     8.4344     4.5823     3.4643  0.463E-02  0.730E-02   0.00       0.00       1.00       1.00    
    10.0000     8.4811     4.6051     3.4811  0.461E-02  0.730E-02   0.00       0.00       1.00       1.00    
    10.0000     8.5266     4.6274     3.4972  0.459E-02  0.725E-02   0.00       0.00       1.00       1.00    
    10.0000     8.5713     4.6494     3.5124  0.455E-02  0.725E-02   0.00       0.00       1.00       1.00    
    10.0000     8.6149     4.6706     3.5274  0.452E-02  0.719E-02   0.00       0.00       1.00       1.00    
    10.0000     8.6579     4.6915     3.5421  0.450E-02  0.714E-02   0.00       0.00       1.00       1.00    
    10.0000     8.7003     4.7118     3.5567  0.448E-02  0.714E-02   0.00       0.00       1.00       1.00    
    10.0000     8.7418     4.7322     3.5709  0.446E-02  0.709E-02   0.00       0.00       1.00       1.00    
    10.0000     8.7823     4.7515     3.5849  0.442E-02  0.704E-02   0.00       0.00       1.00       1.00    
    10.0000     8.8219     4.7704     3.5985  0.441E-02  0.704E-02   0.00       0.00       1.00       1.00    
    10.0000     8.8610     4.7892     3.6120  0.439E-02  0.699E-02   0.00       0.00       1.00       1.00    
    10.0000     8.8994     4.8077     3.6253  0.435E-02  0.694E-02   0.00       0.00       1.00       1.00    
    10.0000     8.9377     4.8259     3.6386  0.433E-02  0.690E-02   0.00       0.00       1.00       1.00    
    10.0000     8.9754     4.8442     3.6516  0.431E-02  0.690E-02   0.00       0.00       1.00       1.00    
    10.0000     9.0119     4.8615     3.6648  0.427E-02  0.685E-02   0.00       0.00       1.00       1.00    
    10.0000     9.3769     5.0911     3.8108  0.388E-02  0.613E-02   0.00       0.00       1.00       1.00    
    10.0000     9.4105     5.1123     3.8242  0.388E-02  0.613E-02   0.00       0.00       1.00       1.00    
    10.0000     9.4438     5.1336     3.8375  0.386E-02  0.610E-02   0.00       0.00       1.00       1.00    
    10.0000     9.4777     5.1546     3.8511  0.386E-02  0.610E-02   0.00       0.00       1.00       1.00    
    10.0000     9.5112     5.1758     3.8643  0.385E-02  0.606E-02   0.00       0.00       1.00       1.00    
    10.0000     9.5449     5.1970     3.8771  0.385E-02  0.606E-02   0.00       0.00       1.00       1.00    
    10.0000     9.5785     5.2181     3.8898  0.383E-02  0.606E-02   0.00       0.00       1.00       1.00    
    10.0000     9.6119     5.2394     3.9025  0.383E-02  0.602E-02   0.00       0.00       1.00       1.00    
    10.0000     9.6458     5.2604     3.9154  0.383E-02  0.602E-02   0.00       0.00       1.00       1.00    
    10.0000     9.6794     5.2816     3.9282  0.382E-02  0.599E-02   0.00       0.00       1.00       1.00    
    10.0000     9.7130     5.3029     3.9409  0.382E-02  0.599E-02   0.00       0.00       1.00       1.00    
    10.0000     9.7466     5.3242     3.9537  0.380E-02  0.599E-02   0.00       0.00       1.00       1.00    
    10.0000     9.7799     5.3454     3.9664  0.380E-02  0.595E-02   0.00       0.00       1.00       1.00    
    10.0000     9.8137     5.3669     3.9792  0.380E-02  0.595E-02   0.00       0.00       1.00       1.00    
    10.0000     9.8473     5.3883     3.9920  0.379E-02  0.592E-02   0.00       0.00       1.00       1.00    
    10.0000     9.8808     5.4094     4.0047  0.379E-02  0.592E-02   0.00       0.00       1.00       1.00    
     0.0000     9.9144     5.4306     4.0175  0.377E-02  0.592E-02   0.00       0.00       1.00       1.00    
