MODEL.01
 
ISOTROPIC
KGS
SPHERICAL EARTH
1-D
CONSTANT VELOCITY
LINE08
LINE09
LINE10
LINE11
      H(KM)   VP(KM/S)   VS(KM/S) RHO(GM/CC)     QP         QS       ETAP       ETAS      FREFP      FREFS    
     2.0000     5.7847     3.2264     2.6585  0.118E-02  0.167E-02   0.00       0.00       1.00       1.00    
     2.0000     6.3776     3.5574     2.8118  0.118E-02  0.167E-02   0.00       0.00       1.00       1.00    
     2.0000     6.5484     3.6525     2.8614  0.118E-02  0.167E-02   0.00       0.00       1.00       1.00    
     2.0000     6.3105     3.5201     2.7947  0.118E-02  0.167E-02   0.00       0.00       1.00       1.00    
     2.0000     6.4061     3.5733     2.8231  0.118E-02  0.167E-02   0.00       0.00       1.00       1.00    
     2.0000     6.1687     3.4411     2.7520  0.118E-02  0.167E-02   0.00       0.00       1.00       1.00    
     2.0000     6.2139     3.4661     2.7639  0.118E-02  0.167E-02   0.00       0.00       1.00       1.00    
     2.0000     6.3095     3.5194     2.7923  0.118E-02  0.167E-02   0.00       0.00       1.00       1.00    
     2.0000     6.3966     3.5679     2.8183  0.118E-02  0.167E-02   0.00       0.00       1.00       1.00    
     2.0000     6.4439     3.5941     2.8327  0.118E-02  0.167E-02   0.00       0.00       1.00       1.00    
     2.0000     6.6479     3.7081     2.8872  0.118E-02  0.167E-02   0.00       0.00       1.00       1.00    
     2.0000     6.6479     3.7080     2.8872  0.118E-02  0.167E-02   0.00       0.00       1.00       1.00    
     2.0000     6.6415     3.7046     2.8864  0.118E-02  0.167E-02   0.00       0.00       1.00       1.00    
     2.0000     6.6788     3.7254     2.8967  0.118E-02  0.167E-02   0.00       0.00       1.00       1.00    
     2.0000     7.2271     4.0314     3.0527  0.118E-02  0.167E-02   0.00       0.00       1.00       1.00    
     2.0000     7.9030     4.4083     3.2763  0.118E-02  0.167E-02   0.00       0.00       1.00       1.00    
     2.0000     7.9976     4.4610     3.3093  0.118E-02  0.167E-02   0.00       0.00       1.00       1.00    
     2.0000     7.9187     4.4170     3.2830  0.118E-02  0.167E-02   0.00       0.00       1.00       1.00    
     2.0000     7.9676     4.4441     3.3001  0.118E-02  0.167E-02   0.00       0.00       1.00       1.00    
     2.0000     8.0576     4.4944     3.3305  0.118E-02  0.167E-02   0.00       0.00       1.00       1.00    
     2.0000     7.8112     4.3567     3.2460  0.118E-02  0.167E-02   0.00       0.00       1.00       1.00    
     2.0000     7.6593     4.2724     3.1945  0.118E-02  0.167E-02   0.00       0.00       1.00       1.00    
     2.0000     7.7565     4.3265     3.2275  0.118E-02  0.167E-02   0.00       0.00       1.00       1.00    
     2.0000     7.8340     4.3696     3.2544  0.118E-02  0.167E-02   0.00       0.00       1.00       1.00    
     2.0000     7.7644     4.3311     3.2315  0.118E-02  0.167E-02   0.00       0.00       1.00       1.00    
     5.0000     7.7513     4.3235     3.2263  0.118E-02  0.167E-02   0.00       0.00       1.00       1.00    
     5.0000     7.8590     4.3844     3.2617  0.118E-02  0.167E-02   0.00       0.00       1.00       1.00    
     5.0000     7.8589     4.3850     3.2610  0.118E-02  0.167E-02   0.00       0.00       1.00       1.00    
     5.0000     7.6726     4.2821     3.1991  0.118E-02  0.167E-02   0.00       0.00       1.00       1.00    
     5.0000     7.5742     4.2279     3.1669  0.118E-02  0.167E-02   0.00       0.00       1.00       1.00    
     5.0000     7.6536     4.2646     3.1931  0.118E-02  0.167E-02   0.00       0.00       1.00       1.00    
     5.0000     7.6923     4.2958     3.2057  0.118E-02  0.167E-02   0.00       0.00       1.00       1.00    
     5.0000     7.6985     4.2999     3.2077  0.118E-02  0.167E-02   0.00       0.00       1.00       1.00    
     5.0000     7.6979     4.2984     3.2076  0.118E-02  0.167E-02   0.00       0.00       1.00       1.00    
     5.0000     7.7021     4.3036     3.2091  0.118E-02  0.167E-02   0.00       0.00       1.00       1.00    
    10.0000     7.7246     4.3141     3.2166  0.118E-02  0.167E-02   0.00       0.00       1.00       1.00    
    10.0000     7.7458     4.3298     3.2236  0.118E-02  0.167E-02   0.00       0.00       1.00       1.00    
    10.0000     7.7801     4.3427     3.2352  0.862E-02  0.131E-01   0.00       0.00       1.00       1.00    
    10.0000     7.8181     4.3508     3.2481  0.862E-02  0.131E-01   0.00       0.00       1.00       1.00    
    10.0000     7.8645     4.3630     3.2636  0.855E-02  0.131E-01   0.00       0.00       1.00       1.00    
    10.0000     7.9170     4.3799     3.2813  0.847E-02  0.131E-01   0.00       0.00       1.00       1.00    
    10.0000     7.9661     4.3943     3.2978  0.847E-02  0.131E-01   0.00       0.00       1.00       1.00    
    10.0000     8.0144     4.4073     3.3143  0.833E-02  0.130E-01   0.00       0.00       1.00       1.00    
    10.0000     8.0666     4.4234     3.3329  0.826E-02  0.129E-01   0.00       0.00       1.00       1.00    
    10.0000     8.1194     4.4389     3.3518  0.813E-02  0.128E-01   0.00       0.00       1.00       1.00    
    10.0000     8.1693     4.4529     3.3695  0.806E-02  0.126E-01   0.00       0.00       1.00       1.00    
    10.0000     8.2217     4.4745     3.3883  0.474E-02  0.746E-02   0.00       0.00       1.00       1.00    
    10.0000     8.2763     4.5028     3.4078  0.472E-02  0.741E-02   0.00       0.00       1.00       1.00    
    10.0000     8.3284     4.5299     3.4266  0.469E-02  0.741E-02   0.00       0.00       1.00       1.00    
    10.0000     8.3799     4.5558     3.4450  0.467E-02  0.735E-02   0.00       0.00       1.00       1.00    
    10.0000     8.4288     4.5815     3.4626  0.465E-02  0.735E-02   0.00       0.00       1.00       1.00    
    10.0000     8.4765     4.6052     3.4798  0.463E-02  0.730E-02   0.00       0.00       1.00       1.00    
    10.0000     8.5225     4.6277     3.4961  0.461E-02  0.730E-02   0.00       0.00       1.00       1.00    
    10.0000     8.5667     4.6493     3.5111  0.459E-02  0.725E-02   0.00       0.00       1.00       1.00    
    10.0000     8.6097     4.6702     3.5258  0.455E-02  0.725E-02   0.00       0.00       1.00       1.00    
    10.0000     8.6511     4.6902     3.5400  0.452E-02  0.719E-02   0.00       0.00       1.00       1.00    
    10.0000     8.6915     4.7097     3.5538  0.450E-02  0.714E-02   0.00       0.00       1.00       1.00    
    10.0000     8.7311     4.7286     3.5674  0.448E-02  0.714E-02   0.00       0.00       1.00       1.00    
    10.0000     8.7694     4.7471     3.5805  0.446E-02  0.709E-02   0.00       0.00       1.00       1.00    
    10.0000     8.8060     4.7643     3.5931  0.442E-02  0.704E-02   0.00       0.00       1.00       1.00    
    10.0000     8.8413     4.7809     3.6053  0.441E-02  0.704E-02   0.00       0.00       1.00       1.00    
    10.0000     8.8759     4.7973     3.6172  0.439E-02  0.699E-02   0.00       0.00       1.00       1.00    
    10.0000     8.9095     4.8131     3.6288  0.435E-02  0.694E-02   0.00       0.00       1.00       1.00    
    10.0000     8.9429     4.8287     3.6404  0.433E-02  0.690E-02   0.00       0.00       1.00       1.00    
    10.0000     8.9754     4.8442     3.6516  0.431E-02  0.690E-02   0.00       0.00       1.00       1.00    
    10.0000     9.0119     4.8615     3.6648  0.427E-02  0.685E-02   0.00       0.00       1.00       1.00    
    10.0000     9.3769     5.0911     3.8108  0.388E-02  0.613E-02   0.00       0.00       1.00       1.00    
    10.0000     9.4105     5.1123     3.8242  0.388E-02  0.613E-02   0.00       0.00       1.00       1.00    
    10.0000     9.4438     5.1336     3.8375  0.386E-02  0.610E-02   0.00       0.00       1.00       1.00    
    10.0000     9.4777     5.1546     3.8511  0.386E-02  0.610E-02   0.00       0.00       1.00       1.00    
    10.0000     9.5112     5.1758     3.8643  0.385E-02  0.606E-02   0.00       0.00       1.00       1.00    
    10.0000     9.5449     5.1970     3.8771  0.385E-02  0.606E-02   0.00       0.00       1.00       1.00    
    10.0000     9.5785     5.2181     3.8898  0.383E-02  0.606E-02   0.00       0.00       1.00       1.00    
    10.0000     9.6119     5.2394     3.9025  0.383E-02  0.602E-02   0.00       0.00       1.00       1.00    
    10.0000     9.6458     5.2604     3.9154  0.383E-02  0.602E-02   0.00       0.00       1.00       1.00    
    10.0000     9.6794     5.2816     3.9282  0.382E-02  0.599E-02   0.00       0.00       1.00       1.00    
    10.0000     9.7130     5.3029     3.9409  0.382E-02  0.599E-02   0.00       0.00       1.00       1.00    
    10.0000     9.7466     5.3242     3.9537  0.380E-02  0.599E-02   0.00       0.00       1.00       1.00    
    10.0000     9.7799     5.3454     3.9664  0.380E-02  0.595E-02   0.00       0.00       1.00       1.00    
    10.0000     9.8137     5.3669     3.9792  0.380E-02  0.595E-02   0.00       0.00       1.00       1.00    
    10.0000     9.8473     5.3883     3.9920  0.379E-02  0.592E-02   0.00       0.00       1.00       1.00    
    10.0000     9.8808     5.4094     4.0047  0.379E-02  0.592E-02   0.00       0.00       1.00       1.00    
     0.0000     9.9144     5.4306     4.0175  0.377E-02  0.592E-02   0.00       0.00       1.00       1.00    
