MODEL.01
 
ISOTROPIC
KGS
SPHERICAL EARTH
1-D
CONSTANT VELOCITY
LINE08
LINE09
LINE10
LINE11
      H(KM)   VP(KM/S)   VS(KM/S) RHO(GM/CC)     QP         QS       ETAP       ETAS      FREFP      FREFS    
     2.0000     6.0480     3.3733     2.7250  0.118E-02  0.167E-02   0.00       0.00       1.00       1.00    
     2.0000     6.3028     3.5155     2.7911  0.118E-02  0.167E-02   0.00       0.00       1.00       1.00    
     2.0000     6.4108     3.5757     2.8204  0.118E-02  0.167E-02   0.00       0.00       1.00       1.00    
     2.0000     6.3680     3.5519     2.8127  0.118E-02  0.167E-02   0.00       0.00       1.00       1.00    
     2.0000     6.4100     3.5754     2.8244  0.118E-02  0.167E-02   0.00       0.00       1.00       1.00    
     2.0000     6.2528     3.4878     2.7831  0.118E-02  0.167E-02   0.00       0.00       1.00       1.00    
     2.0000     6.2467     3.4842     2.7824  0.118E-02  0.167E-02   0.00       0.00       1.00       1.00    
     2.0000     6.3192     3.5248     2.8045  0.118E-02  0.167E-02   0.00       0.00       1.00       1.00    
     2.0000     6.3999     3.5697     2.8289  0.118E-02  0.167E-02   0.00       0.00       1.00       1.00    
     2.0000     6.4523     3.5989     2.8438  0.118E-02  0.167E-02   0.00       0.00       1.00       1.00    
     2.0000     6.5578     3.6579     2.8658  0.118E-02  0.167E-02   0.00       0.00       1.00       1.00    
     2.0000     6.5352     3.6450     2.8533  0.118E-02  0.167E-02   0.00       0.00       1.00       1.00    
     2.0000     6.5787     3.6695     2.8606  0.118E-02  0.167E-02   0.00       0.00       1.00       1.00    
     2.0000     6.7301     3.7539     2.9044  0.118E-02  0.167E-02   0.00       0.00       1.00       1.00    
     2.0000     7.1946     4.0132     3.0366  0.118E-02  0.167E-02   0.00       0.00       1.00       1.00    
     2.0000     7.7874     4.3437     3.2358  0.118E-02  0.167E-02   0.00       0.00       1.00       1.00    
     2.0000     7.9896     4.4563     3.3168  0.118E-02  0.167E-02   0.00       0.00       1.00       1.00    
     2.0000     7.9699     4.4453     3.3153  0.118E-02  0.167E-02   0.00       0.00       1.00       1.00    
     2.0000     7.9740     4.4477     3.3103  0.118E-02  0.167E-02   0.00       0.00       1.00       1.00    
     2.0000     7.9334     4.4251     3.2858  0.118E-02  0.167E-02   0.00       0.00       1.00       1.00    
     2.0000     7.7286     4.3108     3.2117  0.118E-02  0.167E-02   0.00       0.00       1.00       1.00    
     2.0000     7.6046     4.2418     3.1648  0.118E-02  0.167E-02   0.00       0.00       1.00       1.00    
     2.0000     7.6803     4.2839     3.1833  0.118E-02  0.167E-02   0.00       0.00       1.00       1.00    
     2.0000     7.7950     4.3477     3.2204  0.118E-02  0.167E-02   0.00       0.00       1.00       1.00    
     2.0000     7.8183     4.3609     3.2347  0.118E-02  0.167E-02   0.00       0.00       1.00       1.00    
     5.0000     7.8005     4.3510     3.2356  0.118E-02  0.167E-02   0.00       0.00       1.00       1.00    
     5.0000     7.8249     4.3654     3.2448  0.118E-02  0.167E-02   0.00       0.00       1.00       1.00    
     5.0000     7.7978     4.3511     3.2364  0.118E-02  0.167E-02   0.00       0.00       1.00       1.00    
     5.0000     7.7161     4.3063     3.2122  0.118E-02  0.167E-02   0.00       0.00       1.00       1.00    
     5.0000     7.6823     4.2883     3.2022  0.118E-02  0.167E-02   0.00       0.00       1.00       1.00    
     5.0000     7.7179     4.3004     3.2135  0.118E-02  0.167E-02   0.00       0.00       1.00       1.00    
     5.0000     7.7275     4.3154     3.2164  0.118E-02  0.167E-02   0.00       0.00       1.00       1.00    
     5.0000     7.7349     4.3202     3.2193  0.118E-02  0.167E-02   0.00       0.00       1.00       1.00    
     5.0000     7.7373     4.3206     3.2203  0.118E-02  0.167E-02   0.00       0.00       1.00       1.00    
     5.0000     7.7434     4.3266     3.2226  0.118E-02  0.167E-02   0.00       0.00       1.00       1.00    
    10.0000     7.7613     4.3345     3.2286  0.118E-02  0.167E-02   0.00       0.00       1.00       1.00    
    10.0000     7.7690     4.3429     3.2310  0.118E-02  0.167E-02   0.00       0.00       1.00       1.00    
    10.0000     7.7940     4.3504     3.2392  0.862E-02  0.131E-01   0.00       0.00       1.00       1.00    
    10.0000     7.8245     4.3543     3.2493  0.862E-02  0.131E-01   0.00       0.00       1.00       1.00    
    10.0000     7.8580     4.3591     3.2603  0.855E-02  0.131E-01   0.00       0.00       1.00       1.00    
    10.0000     7.8979     4.3693     3.2735  0.847E-02  0.131E-01   0.00       0.00       1.00       1.00    
    10.0000     7.9374     4.3784     3.2868  0.847E-02  0.131E-01   0.00       0.00       1.00       1.00    
    10.0000     7.9768     4.3867     3.3001  0.833E-02  0.130E-01   0.00       0.00       1.00       1.00    
    10.0000     8.0178     4.3966     3.3140  0.826E-02  0.129E-01   0.00       0.00       1.00       1.00    
    10.0000     8.0599     4.4064     3.3289  0.813E-02  0.128E-01   0.00       0.00       1.00       1.00    
    10.0000     8.1009     4.4158     3.3435  0.806E-02  0.126E-01   0.00       0.00       1.00       1.00    
    10.0000     8.1461     4.4334     3.3596  0.474E-02  0.746E-02   0.00       0.00       1.00       1.00    
    10.0000     8.1953     4.4588     3.3772  0.472E-02  0.741E-02   0.00       0.00       1.00       1.00    
    10.0000     8.2437     4.4837     3.3946  0.469E-02  0.741E-02   0.00       0.00       1.00       1.00    
    10.0000     8.2923     4.5083     3.4121  0.467E-02  0.735E-02   0.00       0.00       1.00       1.00    
    10.0000     8.3401     4.5331     3.4293  0.465E-02  0.735E-02   0.00       0.00       1.00       1.00    
    10.0000     8.3876     4.5568     3.4464  0.463E-02  0.730E-02   0.00       0.00       1.00       1.00    
    10.0000     8.4349     4.5801     3.4635  0.461E-02  0.730E-02   0.00       0.00       1.00       1.00    
    10.0000     8.4816     4.6029     3.4805  0.459E-02  0.725E-02   0.00       0.00       1.00       1.00    
    10.0000     8.5281     4.6258     3.4970  0.455E-02  0.725E-02   0.00       0.00       1.00       1.00    
    10.0000     8.5740     4.6484     3.5127  0.452E-02  0.719E-02   0.00       0.00       1.00       1.00    
    10.0000     8.6200     4.6709     3.5286  0.450E-02  0.714E-02   0.00       0.00       1.00       1.00    
    10.0000     8.6655     4.6930     3.5442  0.448E-02  0.714E-02   0.00       0.00       1.00       1.00    
    10.0000     8.7105     4.7152     3.5598  0.446E-02  0.709E-02   0.00       0.00       1.00       1.00    
    10.0000     8.7553     4.7369     3.5753  0.442E-02  0.704E-02   0.00       0.00       1.00       1.00    
    10.0000     8.7998     4.7585     3.5907  0.441E-02  0.704E-02   0.00       0.00       1.00       1.00    
    10.0000     8.8440     4.7799     3.6060  0.439E-02  0.699E-02   0.00       0.00       1.00       1.00    
    10.0000     8.8879     4.8015     3.6212  0.435E-02  0.694E-02   0.00       0.00       1.00       1.00    
    10.0000     8.9318     4.8227     3.6365  0.433E-02  0.690E-02   0.00       0.00       1.00       1.00    
    10.0000     8.9754     4.8442     3.6516  0.431E-02  0.690E-02   0.00       0.00       1.00       1.00    
    10.0000     9.0119     4.8615     3.6648  0.427E-02  0.685E-02   0.00       0.00       1.00       1.00    
    10.0000     9.3769     5.0911     3.8108  0.388E-02  0.613E-02   0.00       0.00       1.00       1.00    
    10.0000     9.4105     5.1123     3.8242  0.388E-02  0.613E-02   0.00       0.00       1.00       1.00    
    10.0000     9.4438     5.1336     3.8375  0.386E-02  0.610E-02   0.00       0.00       1.00       1.00    
    10.0000     9.4777     5.1546     3.8511  0.386E-02  0.610E-02   0.00       0.00       1.00       1.00    
    10.0000     9.5112     5.1758     3.8643  0.385E-02  0.606E-02   0.00       0.00       1.00       1.00    
    10.0000     9.5449     5.1970     3.8771  0.385E-02  0.606E-02   0.00       0.00       1.00       1.00    
    10.0000     9.5785     5.2181     3.8898  0.383E-02  0.606E-02   0.00       0.00       1.00       1.00    
    10.0000     9.6119     5.2394     3.9025  0.383E-02  0.602E-02   0.00       0.00       1.00       1.00    
    10.0000     9.6458     5.2604     3.9154  0.383E-02  0.602E-02   0.00       0.00       1.00       1.00    
    10.0000     9.6794     5.2816     3.9282  0.382E-02  0.599E-02   0.00       0.00       1.00       1.00    
    10.0000     9.7130     5.3029     3.9409  0.382E-02  0.599E-02   0.00       0.00       1.00       1.00    
    10.0000     9.7466     5.3242     3.9537  0.380E-02  0.599E-02   0.00       0.00       1.00       1.00    
    10.0000     9.7799     5.3454     3.9664  0.380E-02  0.595E-02   0.00       0.00       1.00       1.00    
    10.0000     9.8137     5.3669     3.9792  0.380E-02  0.595E-02   0.00       0.00       1.00       1.00    
    10.0000     9.8473     5.3883     3.9920  0.379E-02  0.592E-02   0.00       0.00       1.00       1.00    
    10.0000     9.8808     5.4094     4.0047  0.379E-02  0.592E-02   0.00       0.00       1.00       1.00    
     0.0000     9.9144     5.4306     4.0175  0.377E-02  0.592E-02   0.00       0.00       1.00       1.00    
