MODEL.01
 
ISOTROPIC
KGS
SPHERICAL EARTH
1-D
CONSTANT VELOCITY
LINE08
LINE09
LINE10
LINE11
      H(KM)   VP(KM/S)   VS(KM/S) RHO(GM/CC)     QP         QS       ETAP       ETAS      FREFP      FREFS    
     2.0000     6.0834     3.3931     2.7318  0.118E-02  0.167E-02   0.00       0.00       1.00       1.00    
     2.0000     6.3037     3.5160     2.7875  0.118E-02  0.167E-02   0.00       0.00       1.00       1.00    
     2.0000     6.4014     3.5705     2.8145  0.118E-02  0.167E-02   0.00       0.00       1.00       1.00    
     2.0000     6.3758     3.5563     2.8122  0.118E-02  0.167E-02   0.00       0.00       1.00       1.00    
     2.0000     6.4146     3.5780     2.8241  0.118E-02  0.167E-02   0.00       0.00       1.00       1.00    
     2.0000     6.2770     3.5013     2.7931  0.118E-02  0.167E-02   0.00       0.00       1.00       1.00    
     2.0000     6.2747     3.4998     2.7933  0.118E-02  0.167E-02   0.00       0.00       1.00       1.00    
     2.0000     6.3483     3.5410     2.8144  0.118E-02  0.167E-02   0.00       0.00       1.00       1.00    
     2.0000     6.4296     3.5863     2.8394  0.118E-02  0.167E-02   0.00       0.00       1.00       1.00    
     2.0000     6.4794     3.6140     2.8538  0.118E-02  0.167E-02   0.00       0.00       1.00       1.00    
     2.0000     6.5606     3.6594     2.8696  0.118E-02  0.167E-02   0.00       0.00       1.00       1.00    
     2.0000     6.5126     3.6324     2.8513  0.118E-02  0.167E-02   0.00       0.00       1.00       1.00    
     2.0000     6.5407     3.6483     2.8550  0.118E-02  0.167E-02   0.00       0.00       1.00       1.00    
     2.0000     6.7093     3.7423     2.9041  0.118E-02  0.167E-02   0.00       0.00       1.00       1.00    
     2.0000     7.1769     4.0033     3.0383  0.118E-02  0.167E-02   0.00       0.00       1.00       1.00    
     2.0000     7.7819     4.3406     3.2445  0.118E-02  0.167E-02   0.00       0.00       1.00       1.00    
     2.0000     8.0188     4.4726     3.3442  0.118E-02  0.167E-02   0.00       0.00       1.00       1.00    
     2.0000     8.0147     4.4703     3.3543  0.118E-02  0.167E-02   0.00       0.00       1.00       1.00    
     2.0000     8.0007     4.4626     3.3462  0.118E-02  0.167E-02   0.00       0.00       1.00       1.00    
     2.0000     7.9287     4.4225     3.3098  0.118E-02  0.167E-02   0.00       0.00       1.00       1.00    
     2.0000     7.7110     4.3010     3.2300  0.118E-02  0.167E-02   0.00       0.00       1.00       1.00    
     2.0000     7.5729     4.2241     3.1757  0.118E-02  0.167E-02   0.00       0.00       1.00       1.00    
     2.0000     7.6274     4.2544     3.1808  0.118E-02  0.167E-02   0.00       0.00       1.00       1.00    
     2.0000     7.7366     4.3152     3.2082  0.118E-02  0.167E-02   0.00       0.00       1.00       1.00    
     2.0000     7.7784     4.3386     3.2233  0.118E-02  0.167E-02   0.00       0.00       1.00       1.00    
     5.0000     7.7812     4.3402     3.2300  0.118E-02  0.167E-02   0.00       0.00       1.00       1.00    
     5.0000     7.8082     4.3561     3.2415  0.118E-02  0.167E-02   0.00       0.00       1.00       1.00    
     5.0000     7.7834     4.3431     3.2353  0.118E-02  0.167E-02   0.00       0.00       1.00       1.00    
     5.0000     7.7123     4.3042     3.2153  0.118E-02  0.167E-02   0.00       0.00       1.00       1.00    
     5.0000     7.6830     4.2887     3.2066  0.118E-02  0.167E-02   0.00       0.00       1.00       1.00    
     5.0000     7.7162     4.2994     3.2166  0.118E-02  0.167E-02   0.00       0.00       1.00       1.00    
     5.0000     7.7248     4.3139     3.2188  0.118E-02  0.167E-02   0.00       0.00       1.00       1.00    
     5.0000     7.7333     4.3193     3.2219  0.118E-02  0.167E-02   0.00       0.00       1.00       1.00    
     5.0000     7.7363     4.3201     3.2230  0.118E-02  0.167E-02   0.00       0.00       1.00       1.00    
     5.0000     7.7428     4.3263     3.2253  0.118E-02  0.167E-02   0.00       0.00       1.00       1.00    
    10.0000     7.7606     4.3341     3.2312  0.118E-02  0.167E-02   0.00       0.00       1.00       1.00    
    10.0000     7.7677     4.3422     3.2333  0.118E-02  0.167E-02   0.00       0.00       1.00       1.00    
    10.0000     7.7917     4.3491     3.2412  0.862E-02  0.131E-01   0.00       0.00       1.00       1.00    
    10.0000     7.8215     4.3526     3.2510  0.862E-02  0.131E-01   0.00       0.00       1.00       1.00    
    10.0000     7.8538     4.3568     3.2615  0.855E-02  0.131E-01   0.00       0.00       1.00       1.00    
    10.0000     7.8927     4.3664     3.2743  0.847E-02  0.131E-01   0.00       0.00       1.00       1.00    
    10.0000     7.9318     4.3753     3.2873  0.847E-02  0.131E-01   0.00       0.00       1.00       1.00    
    10.0000     7.9708     4.3834     3.3004  0.833E-02  0.130E-01   0.00       0.00       1.00       1.00    
    10.0000     8.0111     4.3929     3.3140  0.826E-02  0.129E-01   0.00       0.00       1.00       1.00    
    10.0000     8.0525     4.4024     3.3285  0.813E-02  0.128E-01   0.00       0.00       1.00       1.00    
    10.0000     8.0930     4.4115     3.3428  0.806E-02  0.126E-01   0.00       0.00       1.00       1.00    
    10.0000     8.1378     4.4289     3.3587  0.474E-02  0.746E-02   0.00       0.00       1.00       1.00    
    10.0000     8.1867     4.4541     3.3761  0.472E-02  0.741E-02   0.00       0.00       1.00       1.00    
    10.0000     8.2350     4.4789     3.3933  0.469E-02  0.741E-02   0.00       0.00       1.00       1.00    
    10.0000     8.2835     4.5035     3.4106  0.467E-02  0.735E-02   0.00       0.00       1.00       1.00    
    10.0000     8.3313     4.5283     3.4277  0.465E-02  0.735E-02   0.00       0.00       1.00       1.00    
    10.0000     8.3790     4.5521     3.4448  0.463E-02  0.730E-02   0.00       0.00       1.00       1.00    
    10.0000     8.4265     4.5755     3.4619  0.461E-02  0.730E-02   0.00       0.00       1.00       1.00    
    10.0000     8.4736     4.5985     3.4788  0.459E-02  0.725E-02   0.00       0.00       1.00       1.00    
    10.0000     8.5205     4.6217     3.4954  0.455E-02  0.725E-02   0.00       0.00       1.00       1.00    
    10.0000     8.5669     4.6445     3.5113  0.452E-02  0.719E-02   0.00       0.00       1.00       1.00    
    10.0000     8.6134     4.6673     3.5272  0.450E-02  0.714E-02   0.00       0.00       1.00       1.00    
    10.0000     8.6595     4.6898     3.5429  0.448E-02  0.714E-02   0.00       0.00       1.00       1.00    
    10.0000     8.7052     4.7123     3.5586  0.446E-02  0.709E-02   0.00       0.00       1.00       1.00    
    10.0000     8.7508     4.7344     3.5743  0.442E-02  0.704E-02   0.00       0.00       1.00       1.00    
    10.0000     8.7961     4.7565     3.5898  0.441E-02  0.704E-02   0.00       0.00       1.00       1.00    
    10.0000     8.8412     4.7784     3.6054  0.439E-02  0.699E-02   0.00       0.00       1.00       1.00    
    10.0000     8.8860     4.8005     3.6208  0.435E-02  0.694E-02   0.00       0.00       1.00       1.00    
    10.0000     8.9308     4.8222     3.6362  0.433E-02  0.690E-02   0.00       0.00       1.00       1.00    
    10.0000     8.9754     4.8442     3.6516  0.431E-02  0.690E-02   0.00       0.00       1.00       1.00    
    10.0000     9.0119     4.8615     3.6648  0.427E-02  0.685E-02   0.00       0.00       1.00       1.00    
    10.0000     9.3769     5.0911     3.8108  0.388E-02  0.613E-02   0.00       0.00       1.00       1.00    
    10.0000     9.4105     5.1123     3.8242  0.388E-02  0.613E-02   0.00       0.00       1.00       1.00    
    10.0000     9.4438     5.1336     3.8375  0.386E-02  0.610E-02   0.00       0.00       1.00       1.00    
    10.0000     9.4777     5.1546     3.8511  0.386E-02  0.610E-02   0.00       0.00       1.00       1.00    
    10.0000     9.5112     5.1758     3.8643  0.385E-02  0.606E-02   0.00       0.00       1.00       1.00    
    10.0000     9.5449     5.1970     3.8771  0.385E-02  0.606E-02   0.00       0.00       1.00       1.00    
    10.0000     9.5785     5.2181     3.8898  0.383E-02  0.606E-02   0.00       0.00       1.00       1.00    
    10.0000     9.6119     5.2394     3.9025  0.383E-02  0.602E-02   0.00       0.00       1.00       1.00    
    10.0000     9.6458     5.2604     3.9154  0.383E-02  0.602E-02   0.00       0.00       1.00       1.00    
    10.0000     9.6794     5.2816     3.9282  0.382E-02  0.599E-02   0.00       0.00       1.00       1.00    
    10.0000     9.7130     5.3029     3.9409  0.382E-02  0.599E-02   0.00       0.00       1.00       1.00    
    10.0000     9.7466     5.3242     3.9537  0.380E-02  0.599E-02   0.00       0.00       1.00       1.00    
    10.0000     9.7799     5.3454     3.9664  0.380E-02  0.595E-02   0.00       0.00       1.00       1.00    
    10.0000     9.8137     5.3669     3.9792  0.380E-02  0.595E-02   0.00       0.00       1.00       1.00    
    10.0000     9.8473     5.3883     3.9920  0.379E-02  0.592E-02   0.00       0.00       1.00       1.00    
    10.0000     9.8808     5.4094     4.0047  0.379E-02  0.592E-02   0.00       0.00       1.00       1.00    
     0.0000     9.9144     5.4306     4.0175  0.377E-02  0.592E-02   0.00       0.00       1.00       1.00    
