MODEL.01
 
ISOTROPIC
KGS
SPHERICAL EARTH
1-D
CONSTANT VELOCITY
LINE08
LINE09
LINE10
LINE11
      H(KM)   VP(KM/S)   VS(KM/S) RHO(GM/CC)     QP         QS       ETAP       ETAS      FREFP      FREFS    
     2.0000     5.8510     3.2634     2.6728  0.118E-02  0.167E-02   0.00       0.00       1.00       1.00    
     2.0000     6.3402     3.5364     2.8003  0.118E-02  0.167E-02   0.00       0.00       1.00       1.00    
     2.0000     6.5076     3.6297     2.8499  0.118E-02  0.167E-02   0.00       0.00       1.00       1.00    
     2.0000     6.3453     3.5394     2.8049  0.118E-02  0.167E-02   0.00       0.00       1.00       1.00    
     2.0000     6.4303     3.5867     2.8297  0.118E-02  0.167E-02   0.00       0.00       1.00       1.00    
     2.0000     6.2042     3.4609     2.7629  0.118E-02  0.167E-02   0.00       0.00       1.00       1.00    
     2.0000     6.2116     3.4647     2.7638  0.118E-02  0.167E-02   0.00       0.00       1.00       1.00    
     2.0000     6.2975     3.5127     2.7890  0.118E-02  0.167E-02   0.00       0.00       1.00       1.00    
     2.0000     6.3816     3.5595     2.8141  0.118E-02  0.167E-02   0.00       0.00       1.00       1.00    
     2.0000     6.4350     3.5891     2.8303  0.118E-02  0.167E-02   0.00       0.00       1.00       1.00    
     2.0000     6.6101     3.6871     2.8770  0.118E-02  0.167E-02   0.00       0.00       1.00       1.00    
     2.0000     6.6084     3.6860     2.8764  0.118E-02  0.167E-02   0.00       0.00       1.00       1.00    
     2.0000     6.6256     3.6958     2.8818  0.118E-02  0.167E-02   0.00       0.00       1.00       1.00    
     2.0000     6.6882     3.7306     2.8996  0.118E-02  0.167E-02   0.00       0.00       1.00       1.00    
     2.0000     7.2252     4.0303     3.0518  0.118E-02  0.167E-02   0.00       0.00       1.00       1.00    
     2.0000     7.8797     4.3953     3.2673  0.118E-02  0.167E-02   0.00       0.00       1.00       1.00    
     2.0000     7.9978     4.4611     3.3091  0.118E-02  0.167E-02   0.00       0.00       1.00       1.00    
     2.0000     7.9350     4.4260     3.2889  0.118E-02  0.167E-02   0.00       0.00       1.00       1.00    
     2.0000     7.9883     4.4557     3.3068  0.118E-02  0.167E-02   0.00       0.00       1.00       1.00    
     2.0000     8.0449     4.4874     3.3246  0.118E-02  0.167E-02   0.00       0.00       1.00       1.00    
     2.0000     7.8090     4.3556     3.2443  0.118E-02  0.167E-02   0.00       0.00       1.00       1.00    
     2.0000     7.6621     4.2739     3.1948  0.118E-02  0.167E-02   0.00       0.00       1.00       1.00    
     2.0000     7.7570     4.3268     3.2269  0.118E-02  0.167E-02   0.00       0.00       1.00       1.00    
     2.0000     7.8479     4.3774     3.2586  0.118E-02  0.167E-02   0.00       0.00       1.00       1.00    
     2.0000     7.8003     4.3509     3.2439  0.118E-02  0.167E-02   0.00       0.00       1.00       1.00    
     5.0000     7.7702     4.3340     3.2329  0.118E-02  0.167E-02   0.00       0.00       1.00       1.00    
     5.0000     7.8505     4.3797     3.2585  0.118E-02  0.167E-02   0.00       0.00       1.00       1.00    
     5.0000     7.8374     4.3731     3.2535  0.118E-02  0.167E-02   0.00       0.00       1.00       1.00    
     5.0000     7.6846     4.2889     3.2036  0.118E-02  0.167E-02   0.00       0.00       1.00       1.00    
     5.0000     7.6120     4.2490     3.1802  0.118E-02  0.167E-02   0.00       0.00       1.00       1.00    
     5.0000     7.6742     4.2761     3.2004  0.118E-02  0.167E-02   0.00       0.00       1.00       1.00    
     5.0000     7.7001     4.3002     3.2086  0.118E-02  0.167E-02   0.00       0.00       1.00       1.00    
     5.0000     7.7054     4.3038     3.2104  0.118E-02  0.167E-02   0.00       0.00       1.00       1.00    
     5.0000     7.7058     4.3029     3.2106  0.118E-02  0.167E-02   0.00       0.00       1.00       1.00    
     5.0000     7.7110     4.3085     3.2124  0.118E-02  0.167E-02   0.00       0.00       1.00       1.00    
    10.0000     7.7323     4.3183     3.2195  0.118E-02  0.167E-02   0.00       0.00       1.00       1.00    
    10.0000     7.7485     4.3314     3.2248  0.118E-02  0.167E-02   0.00       0.00       1.00       1.00    
    10.0000     7.7803     4.3428     3.2354  0.862E-02  0.131E-01   0.00       0.00       1.00       1.00    
    10.0000     7.8160     4.3495     3.2474  0.862E-02  0.131E-01   0.00       0.00       1.00       1.00    
    10.0000     7.8576     4.3590     3.2613  0.855E-02  0.131E-01   0.00       0.00       1.00       1.00    
    10.0000     7.9055     4.3735     3.2773  0.847E-02  0.131E-01   0.00       0.00       1.00       1.00    
    10.0000     7.9509     4.3859     3.2925  0.847E-02  0.131E-01   0.00       0.00       1.00       1.00    
    10.0000     7.9960     4.3973     3.3077  0.833E-02  0.130E-01   0.00       0.00       1.00       1.00    
    10.0000     8.0442     4.4110     3.3247  0.826E-02  0.129E-01   0.00       0.00       1.00       1.00    
    10.0000     8.0929     4.4245     3.3420  0.813E-02  0.128E-01   0.00       0.00       1.00       1.00    
    10.0000     8.1397     4.4368     3.3586  0.806E-02  0.126E-01   0.00       0.00       1.00       1.00    
    10.0000     8.1895     4.4570     3.3764  0.474E-02  0.746E-02   0.00       0.00       1.00       1.00    
    10.0000     8.2422     4.4843     3.3953  0.472E-02  0.741E-02   0.00       0.00       1.00       1.00    
    10.0000     8.2931     4.5107     3.4135  0.469E-02  0.741E-02   0.00       0.00       1.00       1.00    
    10.0000     8.3436     4.5361     3.4316  0.467E-02  0.735E-02   0.00       0.00       1.00       1.00    
    10.0000     8.3922     4.5616     3.4491  0.465E-02  0.735E-02   0.00       0.00       1.00       1.00    
    10.0000     8.4401     4.5854     3.4664  0.463E-02  0.730E-02   0.00       0.00       1.00       1.00    
    10.0000     8.4867     4.6082     3.4832  0.461E-02  0.730E-02   0.00       0.00       1.00       1.00    
    10.0000     8.5320     4.6304     3.4990  0.459E-02  0.725E-02   0.00       0.00       1.00       1.00    
    10.0000     8.5765     4.6522     3.5142  0.455E-02  0.725E-02   0.00       0.00       1.00       1.00    
    10.0000     8.6198     4.6733     3.5291  0.452E-02  0.719E-02   0.00       0.00       1.00       1.00    
    10.0000     8.6625     4.6940     3.5437  0.450E-02  0.714E-02   0.00       0.00       1.00       1.00    
    10.0000     8.7045     4.7141     3.5581  0.448E-02  0.714E-02   0.00       0.00       1.00       1.00    
    10.0000     8.7455     4.7342     3.5722  0.446E-02  0.709E-02   0.00       0.00       1.00       1.00    
    10.0000     8.7855     4.7532     3.5860  0.442E-02  0.704E-02   0.00       0.00       1.00       1.00    
    10.0000     8.8245     4.7718     3.5994  0.441E-02  0.704E-02   0.00       0.00       1.00       1.00    
    10.0000     8.8630     4.7903     3.6127  0.439E-02  0.699E-02   0.00       0.00       1.00       1.00    
    10.0000     8.9008     4.8084     3.6258  0.435E-02  0.694E-02   0.00       0.00       1.00       1.00    
    10.0000     8.9384     4.8263     3.6388  0.433E-02  0.690E-02   0.00       0.00       1.00       1.00    
    10.0000     8.9754     4.8442     3.6516  0.431E-02  0.690E-02   0.00       0.00       1.00       1.00    
    10.0000     9.0119     4.8615     3.6648  0.427E-02  0.685E-02   0.00       0.00       1.00       1.00    
    10.0000     9.3769     5.0911     3.8108  0.388E-02  0.613E-02   0.00       0.00       1.00       1.00    
    10.0000     9.4105     5.1123     3.8242  0.388E-02  0.613E-02   0.00       0.00       1.00       1.00    
    10.0000     9.4438     5.1336     3.8375  0.386E-02  0.610E-02   0.00       0.00       1.00       1.00    
    10.0000     9.4777     5.1546     3.8511  0.386E-02  0.610E-02   0.00       0.00       1.00       1.00    
    10.0000     9.5112     5.1758     3.8643  0.385E-02  0.606E-02   0.00       0.00       1.00       1.00    
    10.0000     9.5449     5.1970     3.8771  0.385E-02  0.606E-02   0.00       0.00       1.00       1.00    
    10.0000     9.5785     5.2181     3.8898  0.383E-02  0.606E-02   0.00       0.00       1.00       1.00    
    10.0000     9.6119     5.2394     3.9025  0.383E-02  0.602E-02   0.00       0.00       1.00       1.00    
    10.0000     9.6458     5.2604     3.9154  0.383E-02  0.602E-02   0.00       0.00       1.00       1.00    
    10.0000     9.6794     5.2816     3.9282  0.382E-02  0.599E-02   0.00       0.00       1.00       1.00    
    10.0000     9.7130     5.3029     3.9409  0.382E-02  0.599E-02   0.00       0.00       1.00       1.00    
    10.0000     9.7466     5.3242     3.9537  0.380E-02  0.599E-02   0.00       0.00       1.00       1.00    
    10.0000     9.7799     5.3454     3.9664  0.380E-02  0.595E-02   0.00       0.00       1.00       1.00    
    10.0000     9.8137     5.3669     3.9792  0.380E-02  0.595E-02   0.00       0.00       1.00       1.00    
    10.0000     9.8473     5.3883     3.9920  0.379E-02  0.592E-02   0.00       0.00       1.00       1.00    
    10.0000     9.8808     5.4094     4.0047  0.379E-02  0.592E-02   0.00       0.00       1.00       1.00    
     0.0000     9.9144     5.4306     4.0175  0.377E-02  0.592E-02   0.00       0.00       1.00       1.00    
