MODEL.01
 
ISOTROPIC
KGS
SPHERICAL EARTH
1-D
CONSTANT VELOCITY
LINE08
LINE09
LINE10
LINE11
      H(KM)   VP(KM/S)   VS(KM/S) RHO(GM/CC)     QP         QS       ETAP       ETAS      FREFP      FREFS    
     2.0000     5.8284     3.2508     2.6678  0.118E-02  0.167E-02   0.00       0.00       1.00       1.00    
     2.0000     6.3515     3.5427     2.8038  0.118E-02  0.167E-02   0.00       0.00       1.00       1.00    
     2.0000     6.5216     3.6375     2.8539  0.118E-02  0.167E-02   0.00       0.00       1.00       1.00    
     2.0000     6.3358     3.5341     2.8022  0.118E-02  0.167E-02   0.00       0.00       1.00       1.00    
     2.0000     6.4249     3.5837     2.8283  0.118E-02  0.167E-02   0.00       0.00       1.00       1.00    
     2.0000     6.1933     3.4548     2.7596  0.118E-02  0.167E-02   0.00       0.00       1.00       1.00    
     2.0000     6.2108     3.4643     2.7633  0.118E-02  0.167E-02   0.00       0.00       1.00       1.00    
     2.0000     6.3002     3.5142     2.7896  0.118E-02  0.167E-02   0.00       0.00       1.00       1.00    
     2.0000     6.3851     3.5614     2.8150  0.118E-02  0.167E-02   0.00       0.00       1.00       1.00    
     2.0000     6.4371     3.5903     2.8308  0.118E-02  0.167E-02   0.00       0.00       1.00       1.00    
     2.0000     6.6219     3.6936     2.8802  0.118E-02  0.167E-02   0.00       0.00       1.00       1.00    
     2.0000     6.6214     3.6932     2.8799  0.118E-02  0.167E-02   0.00       0.00       1.00       1.00    
     2.0000     6.6314     3.6990     2.8835  0.118E-02  0.167E-02   0.00       0.00       1.00       1.00    
     2.0000     6.6843     3.7284     2.8984  0.118E-02  0.167E-02   0.00       0.00       1.00       1.00    
     2.0000     7.2264     4.0310     3.0523  0.118E-02  0.167E-02   0.00       0.00       1.00       1.00    
     2.0000     7.8886     4.4002     3.2707  0.118E-02  0.167E-02   0.00       0.00       1.00       1.00    
     2.0000     7.9983     4.4614     3.3094  0.118E-02  0.167E-02   0.00       0.00       1.00       1.00    
     2.0000     7.9297     4.4231     3.2870  0.118E-02  0.167E-02   0.00       0.00       1.00       1.00    
     2.0000     7.9830     4.4527     3.3052  0.118E-02  0.167E-02   0.00       0.00       1.00       1.00    
     2.0000     8.0511     4.4908     3.3274  0.118E-02  0.167E-02   0.00       0.00       1.00       1.00    
     2.0000     7.8118     4.3571     3.2456  0.118E-02  0.167E-02   0.00       0.00       1.00       1.00    
     2.0000     7.6627     4.2743     3.1953  0.118E-02  0.167E-02   0.00       0.00       1.00       1.00    
     2.0000     7.7584     4.3276     3.2277  0.118E-02  0.167E-02   0.00       0.00       1.00       1.00    
     2.0000     7.8449     4.3757     3.2578  0.118E-02  0.167E-02   0.00       0.00       1.00       1.00    
     2.0000     7.7897     4.3451     3.2403  0.118E-02  0.167E-02   0.00       0.00       1.00       1.00    
     5.0000     7.7643     4.3307     3.2308  0.118E-02  0.167E-02   0.00       0.00       1.00       1.00    
     5.0000     7.8535     4.3814     3.2597  0.118E-02  0.167E-02   0.00       0.00       1.00       1.00    
     5.0000     7.8440     4.3768     3.2559  0.118E-02  0.167E-02   0.00       0.00       1.00       1.00    
     5.0000     7.6804     4.2866     3.2020  0.118E-02  0.167E-02   0.00       0.00       1.00       1.00    
     5.0000     7.6002     4.2424     3.1760  0.118E-02  0.167E-02   0.00       0.00       1.00       1.00    
     5.0000     7.6677     4.2724     3.1981  0.118E-02  0.167E-02   0.00       0.00       1.00       1.00    
     5.0000     7.6974     4.2987     3.2076  0.118E-02  0.167E-02   0.00       0.00       1.00       1.00    
     5.0000     7.7028     4.3023     3.2094  0.118E-02  0.167E-02   0.00       0.00       1.00       1.00    
     5.0000     7.7029     4.3012     3.2095  0.118E-02  0.167E-02   0.00       0.00       1.00       1.00    
     5.0000     7.7078     4.3068     3.2112  0.118E-02  0.167E-02   0.00       0.00       1.00       1.00    
    10.0000     7.7296     4.3168     3.2185  0.118E-02  0.167E-02   0.00       0.00       1.00       1.00    
    10.0000     7.7474     4.3307     3.2243  0.118E-02  0.167E-02   0.00       0.00       1.00       1.00    
    10.0000     7.7800     4.3427     3.2352  0.862E-02  0.131E-01   0.00       0.00       1.00       1.00    
    10.0000     7.8166     4.3498     3.2475  0.862E-02  0.131E-01   0.00       0.00       1.00       1.00    
    10.0000     7.8596     4.3602     3.2619  0.855E-02  0.131E-01   0.00       0.00       1.00       1.00    
    10.0000     7.9089     4.3755     3.2784  0.847E-02  0.131E-01   0.00       0.00       1.00       1.00    
    10.0000     7.9555     4.3885     3.2941  0.847E-02  0.131E-01   0.00       0.00       1.00       1.00    
    10.0000     8.0016     4.4003     3.3096  0.833E-02  0.130E-01   0.00       0.00       1.00       1.00    
    10.0000     8.0511     4.4148     3.3272  0.826E-02  0.129E-01   0.00       0.00       1.00       1.00    
    10.0000     8.1010     4.4289     3.3449  0.813E-02  0.128E-01   0.00       0.00       1.00       1.00    
    10.0000     8.1488     4.4417     3.3619  0.806E-02  0.126E-01   0.00       0.00       1.00       1.00    
    10.0000     8.1994     4.4623     3.3800  0.474E-02  0.746E-02   0.00       0.00       1.00       1.00    
    10.0000     8.2526     4.4900     3.3991  0.472E-02  0.741E-02   0.00       0.00       1.00       1.00    
    10.0000     8.3038     4.5166     3.4175  0.469E-02  0.741E-02   0.00       0.00       1.00       1.00    
    10.0000     8.3547     4.5421     3.4357  0.467E-02  0.735E-02   0.00       0.00       1.00       1.00    
    10.0000     8.4033     4.5677     3.4532  0.465E-02  0.735E-02   0.00       0.00       1.00       1.00    
    10.0000     8.4512     4.5914     3.4705  0.463E-02  0.730E-02   0.00       0.00       1.00       1.00    
    10.0000     8.4976     4.6141     3.4872  0.461E-02  0.730E-02   0.00       0.00       1.00       1.00    
    10.0000     8.5425     4.6361     3.5027  0.459E-02  0.725E-02   0.00       0.00       1.00       1.00    
    10.0000     8.5866     4.6577     3.5177  0.455E-02  0.725E-02   0.00       0.00       1.00       1.00    
    10.0000     8.6293     4.6784     3.5324  0.452E-02  0.719E-02   0.00       0.00       1.00       1.00    
    10.0000     8.6714     4.6988     3.5468  0.450E-02  0.714E-02   0.00       0.00       1.00       1.00    
    10.0000     8.7126     4.7185     3.5609  0.448E-02  0.714E-02   0.00       0.00       1.00       1.00    
    10.0000     8.7528     4.7381     3.5747  0.446E-02  0.709E-02   0.00       0.00       1.00       1.00    
    10.0000     8.7917     4.7566     3.5881  0.442E-02  0.704E-02   0.00       0.00       1.00       1.00    
    10.0000     8.8296     4.7746     3.6012  0.441E-02  0.704E-02   0.00       0.00       1.00       1.00    
    10.0000     8.8669     4.7924     3.6141  0.439E-02  0.699E-02   0.00       0.00       1.00       1.00    
    10.0000     8.9034     4.8098     3.6267  0.435E-02  0.694E-02   0.00       0.00       1.00       1.00    
    10.0000     8.9398     4.8271     3.6393  0.433E-02  0.690E-02   0.00       0.00       1.00       1.00    
    10.0000     8.9754     4.8442     3.6516  0.431E-02  0.690E-02   0.00       0.00       1.00       1.00    
    10.0000     9.0119     4.8615     3.6648  0.427E-02  0.685E-02   0.00       0.00       1.00       1.00    
    10.0000     9.3769     5.0911     3.8108  0.388E-02  0.613E-02   0.00       0.00       1.00       1.00    
    10.0000     9.4105     5.1123     3.8242  0.388E-02  0.613E-02   0.00       0.00       1.00       1.00    
    10.0000     9.4438     5.1336     3.8375  0.386E-02  0.610E-02   0.00       0.00       1.00       1.00    
    10.0000     9.4777     5.1546     3.8511  0.386E-02  0.610E-02   0.00       0.00       1.00       1.00    
    10.0000     9.5112     5.1758     3.8643  0.385E-02  0.606E-02   0.00       0.00       1.00       1.00    
    10.0000     9.5449     5.1970     3.8771  0.385E-02  0.606E-02   0.00       0.00       1.00       1.00    
    10.0000     9.5785     5.2181     3.8898  0.383E-02  0.606E-02   0.00       0.00       1.00       1.00    
    10.0000     9.6119     5.2394     3.9025  0.383E-02  0.602E-02   0.00       0.00       1.00       1.00    
    10.0000     9.6458     5.2604     3.9154  0.383E-02  0.602E-02   0.00       0.00       1.00       1.00    
    10.0000     9.6794     5.2816     3.9282  0.382E-02  0.599E-02   0.00       0.00       1.00       1.00    
    10.0000     9.7130     5.3029     3.9409  0.382E-02  0.599E-02   0.00       0.00       1.00       1.00    
    10.0000     9.7466     5.3242     3.9537  0.380E-02  0.599E-02   0.00       0.00       1.00       1.00    
    10.0000     9.7799     5.3454     3.9664  0.380E-02  0.595E-02   0.00       0.00       1.00       1.00    
    10.0000     9.8137     5.3669     3.9792  0.380E-02  0.595E-02   0.00       0.00       1.00       1.00    
    10.0000     9.8473     5.3883     3.9920  0.379E-02  0.592E-02   0.00       0.00       1.00       1.00    
    10.0000     9.8808     5.4094     4.0047  0.379E-02  0.592E-02   0.00       0.00       1.00       1.00    
     0.0000     9.9144     5.4306     4.0175  0.377E-02  0.592E-02   0.00       0.00       1.00       1.00    
