MODEL.01
 
ISOTROPIC
KGS
SPHERICAL EARTH
1-D
CONSTANT VELOCITY
LINE08
LINE09
LINE10
LINE11
      H(KM)   VP(KM/S)   VS(KM/S) RHO(GM/CC)     QP         QS       ETAP       ETAS      FREFP      FREFS    
     2.0000     5.9309     3.3080     2.6906  0.118E-02  0.167E-02   0.00       0.00       1.00       1.00    
     2.0000     6.3119     3.5207     2.7920  0.118E-02  0.167E-02   0.00       0.00       1.00       1.00    
     2.0000     6.4604     3.6034     2.8344  0.118E-02  0.167E-02   0.00       0.00       1.00       1.00    
     2.0000     6.3630     3.5492     2.8092  0.118E-02  0.167E-02   0.00       0.00       1.00       1.00    
     2.0000     6.4311     3.5872     2.8281  0.118E-02  0.167E-02   0.00       0.00       1.00       1.00    
     2.0000     6.2320     3.4763     2.7709  0.118E-02  0.167E-02   0.00       0.00       1.00       1.00    
     2.0000     6.2220     3.4705     2.7677  0.118E-02  0.167E-02   0.00       0.00       1.00       1.00    
     2.0000     6.2982     3.5131     2.7900  0.118E-02  0.167E-02   0.00       0.00       1.00       1.00    
     2.0000     6.3806     3.5589     2.8145  0.118E-02  0.167E-02   0.00       0.00       1.00       1.00    
     2.0000     6.4352     3.5893     2.8308  0.118E-02  0.167E-02   0.00       0.00       1.00       1.00    
     2.0000     6.5780     3.6691     2.8685  0.118E-02  0.167E-02   0.00       0.00       1.00       1.00    
     2.0000     6.5684     3.6636     2.8656  0.118E-02  0.167E-02   0.00       0.00       1.00       1.00    
     2.0000     6.6043     3.6838     2.8760  0.118E-02  0.167E-02   0.00       0.00       1.00       1.00    
     2.0000     6.7055     3.7402     2.9053  0.118E-02  0.167E-02   0.00       0.00       1.00       1.00    
     2.0000     7.2167     4.0256     3.0486  0.118E-02  0.167E-02   0.00       0.00       1.00       1.00    
     2.0000     7.8439     4.3753     3.2534  0.118E-02  0.167E-02   0.00       0.00       1.00       1.00    
     2.0000     7.9953     4.4596     3.3081  0.118E-02  0.167E-02   0.00       0.00       1.00       1.00    
     2.0000     7.9526     4.4358     3.2954  0.118E-02  0.167E-02   0.00       0.00       1.00       1.00    
     2.0000     7.9949     4.4594     3.3081  0.118E-02  0.167E-02   0.00       0.00       1.00       1.00    
     2.0000     8.0111     4.4685     3.3101  0.118E-02  0.167E-02   0.00       0.00       1.00       1.00    
     2.0000     7.7888     4.3443     3.2361  0.118E-02  0.167E-02   0.00       0.00       1.00       1.00    
     2.0000     7.6520     4.2682     3.1908  0.118E-02  0.167E-02   0.00       0.00       1.00       1.00    
     2.0000     7.7416     4.3181     3.2205  0.118E-02  0.167E-02   0.00       0.00       1.00       1.00    
     2.0000     7.8444     4.3753     3.2560  0.118E-02  0.167E-02   0.00       0.00       1.00       1.00    
     2.0000     7.8225     4.3632     3.2507  0.118E-02  0.167E-02   0.00       0.00       1.00       1.00    
     5.0000     7.7850     4.3423     3.2380  0.118E-02  0.167E-02   0.00       0.00       1.00       1.00    
     5.0000     7.8375     4.3724     3.2533  0.118E-02  0.167E-02   0.00       0.00       1.00       1.00    
     5.0000     7.8162     4.3613     3.2456  0.118E-02  0.167E-02   0.00       0.00       1.00       1.00    
     5.0000     7.6978     4.2961     3.2082  0.118E-02  0.167E-02   0.00       0.00       1.00       1.00    
     5.0000     7.6458     4.2679     3.1921  0.118E-02  0.167E-02   0.00       0.00       1.00       1.00    
     5.0000     7.6934     4.2868     3.2073  0.118E-02  0.167E-02   0.00       0.00       1.00       1.00    
     5.0000     7.7100     4.3057     3.2124  0.118E-02  0.167E-02   0.00       0.00       1.00       1.00    
     5.0000     7.7158     4.3096     3.2144  0.118E-02  0.167E-02   0.00       0.00       1.00       1.00    
     5.0000     7.7171     4.3093     3.2149  0.118E-02  0.167E-02   0.00       0.00       1.00       1.00    
     5.0000     7.7229     4.3152     3.2169  0.118E-02  0.167E-02   0.00       0.00       1.00       1.00    
    10.0000     7.7426     4.3241     3.2235  0.118E-02  0.167E-02   0.00       0.00       1.00       1.00    
    10.0000     7.7545     4.3348     3.2272  0.118E-02  0.167E-02   0.00       0.00       1.00       1.00    
    10.0000     7.7832     4.3444     3.2367  0.862E-02  0.131E-01   0.00       0.00       1.00       1.00    
    10.0000     7.8164     4.3498     3.2478  0.862E-02  0.131E-01   0.00       0.00       1.00       1.00    
    10.0000     7.8539     4.3569     3.2602  0.855E-02  0.131E-01   0.00       0.00       1.00       1.00    
    10.0000     7.8978     4.3693     3.2748  0.847E-02  0.131E-01   0.00       0.00       1.00       1.00    
    10.0000     7.9400     4.3798     3.2890  0.847E-02  0.131E-01   0.00       0.00       1.00       1.00    
    10.0000     7.9823     4.3898     3.3031  0.833E-02  0.130E-01   0.00       0.00       1.00       1.00    
    10.0000     8.0268     4.4015     3.3184  0.826E-02  0.129E-01   0.00       0.00       1.00       1.00    
    10.0000     8.0722     4.4132     3.3345  0.813E-02  0.128E-01   0.00       0.00       1.00       1.00    
    10.0000     8.1161     4.4241     3.3501  0.806E-02  0.126E-01   0.00       0.00       1.00       1.00    
    10.0000     8.1638     4.4430     3.3671  0.474E-02  0.746E-02   0.00       0.00       1.00       1.00    
    10.0000     8.2147     4.4694     3.3853  0.472E-02  0.741E-02   0.00       0.00       1.00       1.00    
    10.0000     8.2646     4.4951     3.4031  0.469E-02  0.741E-02   0.00       0.00       1.00       1.00    
    10.0000     8.3142     4.5202     3.4209  0.467E-02  0.735E-02   0.00       0.00       1.00       1.00    
    10.0000     8.3626     4.5454     3.4383  0.465E-02  0.735E-02   0.00       0.00       1.00       1.00    
    10.0000     8.4105     4.5692     3.4555  0.463E-02  0.730E-02   0.00       0.00       1.00       1.00    
    10.0000     8.4576     4.5924     3.4725  0.461E-02  0.730E-02   0.00       0.00       1.00       1.00    
    10.0000     8.5038     4.6150     3.4892  0.459E-02  0.725E-02   0.00       0.00       1.00       1.00    
    10.0000     8.5495     4.6375     3.5049  0.455E-02  0.725E-02   0.00       0.00       1.00       1.00    
    10.0000     8.5943     4.6594     3.5202  0.452E-02  0.719E-02   0.00       0.00       1.00       1.00    
    10.0000     8.6389     4.6811     3.5355  0.450E-02  0.714E-02   0.00       0.00       1.00       1.00    
    10.0000     8.6829     4.7024     3.5506  0.448E-02  0.714E-02   0.00       0.00       1.00       1.00    
    10.0000     8.7262     4.7237     3.5655  0.446E-02  0.709E-02   0.00       0.00       1.00       1.00    
    10.0000     8.7688     4.7442     3.5802  0.442E-02  0.704E-02   0.00       0.00       1.00       1.00    
    10.0000     8.8109     4.7645     3.5947  0.441E-02  0.704E-02   0.00       0.00       1.00       1.00    
    10.0000     8.8525     4.7846     3.6091  0.439E-02  0.699E-02   0.00       0.00       1.00       1.00    
    10.0000     8.8937     4.8046     3.6233  0.435E-02  0.694E-02   0.00       0.00       1.00       1.00    
    10.0000     8.9348     4.8243     3.6376  0.433E-02  0.690E-02   0.00       0.00       1.00       1.00    
    10.0000     8.9754     4.8442     3.6516  0.431E-02  0.690E-02   0.00       0.00       1.00       1.00    
    10.0000     9.0119     4.8615     3.6648  0.427E-02  0.685E-02   0.00       0.00       1.00       1.00    
    10.0000     9.3769     5.0911     3.8108  0.388E-02  0.613E-02   0.00       0.00       1.00       1.00    
    10.0000     9.4105     5.1123     3.8242  0.388E-02  0.613E-02   0.00       0.00       1.00       1.00    
    10.0000     9.4438     5.1336     3.8375  0.386E-02  0.610E-02   0.00       0.00       1.00       1.00    
    10.0000     9.4777     5.1546     3.8511  0.386E-02  0.610E-02   0.00       0.00       1.00       1.00    
    10.0000     9.5112     5.1758     3.8643  0.385E-02  0.606E-02   0.00       0.00       1.00       1.00    
    10.0000     9.5449     5.1970     3.8771  0.385E-02  0.606E-02   0.00       0.00       1.00       1.00    
    10.0000     9.5785     5.2181     3.8898  0.383E-02  0.606E-02   0.00       0.00       1.00       1.00    
    10.0000     9.6119     5.2394     3.9025  0.383E-02  0.602E-02   0.00       0.00       1.00       1.00    
    10.0000     9.6458     5.2604     3.9154  0.383E-02  0.602E-02   0.00       0.00       1.00       1.00    
    10.0000     9.6794     5.2816     3.9282  0.382E-02  0.599E-02   0.00       0.00       1.00       1.00    
    10.0000     9.7130     5.3029     3.9409  0.382E-02  0.599E-02   0.00       0.00       1.00       1.00    
    10.0000     9.7466     5.3242     3.9537  0.380E-02  0.599E-02   0.00       0.00       1.00       1.00    
    10.0000     9.7799     5.3454     3.9664  0.380E-02  0.595E-02   0.00       0.00       1.00       1.00    
    10.0000     9.8137     5.3669     3.9792  0.380E-02  0.595E-02   0.00       0.00       1.00       1.00    
    10.0000     9.8473     5.3883     3.9920  0.379E-02  0.592E-02   0.00       0.00       1.00       1.00    
    10.0000     9.8808     5.4094     4.0047  0.379E-02  0.592E-02   0.00       0.00       1.00       1.00    
     0.0000     9.9144     5.4306     4.0175  0.377E-02  0.592E-02   0.00       0.00       1.00       1.00    
