MODEL.01
 
ISOTROPIC
KGS
SPHERICAL EARTH
1-D
CONSTANT VELOCITY
LINE08
LINE09
LINE10
LINE11
      H(KM)   VP(KM/S)   VS(KM/S) RHO(GM/CC)     QP         QS       ETAP       ETAS      FREFP      FREFS    
     2.0000     5.7423     3.2027     2.6495  0.118E-02  0.167E-02   0.00       0.00       1.00       1.00    
     2.0000     6.4098     3.5754     2.8217  0.118E-02  0.167E-02   0.00       0.00       1.00       1.00    
     2.0000     6.5732     3.6663     2.8683  0.118E-02  0.167E-02   0.00       0.00       1.00       1.00    
     2.0000     6.2771     3.5014     2.7845  0.118E-02  0.167E-02   0.00       0.00       1.00       1.00    
     2.0000     6.3769     3.5570     2.8143  0.118E-02  0.167E-02   0.00       0.00       1.00       1.00    
     2.0000     6.1410     3.4256     2.7434  0.118E-02  0.167E-02   0.00       0.00       1.00       1.00    
     2.0000     6.2254     3.4725     2.7671  0.118E-02  0.167E-02   0.00       0.00       1.00       1.00    
     2.0000     6.3237     3.5272     2.7965  0.118E-02  0.167E-02   0.00       0.00       1.00       1.00    
     2.0000     6.4143     3.5777     2.8235  0.118E-02  0.167E-02   0.00       0.00       1.00       1.00    
     2.0000     6.4537     3.5995     2.8357  0.118E-02  0.167E-02   0.00       0.00       1.00       1.00    
     2.0000     6.6781     3.7252     2.8953  0.118E-02  0.167E-02   0.00       0.00       1.00       1.00    
     2.0000     6.6751     3.7231     2.8947  0.118E-02  0.167E-02   0.00       0.00       1.00       1.00    
     2.0000     6.6494     3.7090     2.8886  0.118E-02  0.167E-02   0.00       0.00       1.00       1.00    
     2.0000     6.6769     3.7244     2.8960  0.118E-02  0.167E-02   0.00       0.00       1.00       1.00    
     2.0000     7.2262     4.0308     3.0524  0.118E-02  0.167E-02   0.00       0.00       1.00       1.00    
     2.0000     7.9124     4.4134     3.2799  0.118E-02  0.167E-02   0.00       0.00       1.00       1.00    
     2.0000     7.9937     4.4588     3.3081  0.118E-02  0.167E-02   0.00       0.00       1.00       1.00    
     2.0000     7.9068     4.4103     3.2789  0.118E-02  0.167E-02   0.00       0.00       1.00       1.00    
     2.0000     7.9464     4.4323     3.2928  0.118E-02  0.167E-02   0.00       0.00       1.00       1.00    
     2.0000     8.0570     4.4941     3.3307  0.118E-02  0.167E-02   0.00       0.00       1.00       1.00    
     2.0000     7.8012     4.3511     3.2430  0.118E-02  0.167E-02   0.00       0.00       1.00       1.00    
     2.0000     7.6486     4.2663     3.1911  0.118E-02  0.167E-02   0.00       0.00       1.00       1.00    
     2.0000     7.7474     4.3215     3.2246  0.118E-02  0.167E-02   0.00       0.00       1.00       1.00    
     2.0000     7.8175     4.3604     3.2487  0.118E-02  0.167E-02   0.00       0.00       1.00       1.00    
     2.0000     7.7355     4.3150     3.2213  0.118E-02  0.167E-02   0.00       0.00       1.00       1.00    
     5.0000     7.7379     4.3161     3.2214  0.118E-02  0.167E-02   0.00       0.00       1.00       1.00    
     5.0000     7.8658     4.3879     3.2640  0.118E-02  0.167E-02   0.00       0.00       1.00       1.00    
     5.0000     7.8786     4.3958     3.2678  0.118E-02  0.167E-02   0.00       0.00       1.00       1.00    
     5.0000     7.6674     4.2793     3.1971  0.118E-02  0.167E-02   0.00       0.00       1.00       1.00    
     5.0000     7.5449     4.2116     3.1566  0.118E-02  0.167E-02   0.00       0.00       1.00       1.00    
     5.0000     7.6379     4.2558     3.1876  0.118E-02  0.167E-02   0.00       0.00       1.00       1.00    
     5.0000     7.6878     4.2933     3.2040  0.118E-02  0.167E-02   0.00       0.00       1.00       1.00    
     5.0000     7.6955     4.2982     3.2066  0.118E-02  0.167E-02   0.00       0.00       1.00       1.00    
     5.0000     7.6939     4.2962     3.2061  0.118E-02  0.167E-02   0.00       0.00       1.00       1.00    
     5.0000     7.6969     4.3007     3.2072  0.118E-02  0.167E-02   0.00       0.00       1.00       1.00    
    10.0000     7.7199     4.3116     3.2150  0.118E-02  0.167E-02   0.00       0.00       1.00       1.00    
    10.0000     7.7447     4.3291     3.2232  0.118E-02  0.167E-02   0.00       0.00       1.00       1.00    
    10.0000     7.7803     4.3427     3.2353  0.862E-02  0.131E-01   0.00       0.00       1.00       1.00    
    10.0000     7.8196     4.3517     3.2486  0.862E-02  0.131E-01   0.00       0.00       1.00       1.00    
    10.0000     7.8699     4.3659     3.2656  0.855E-02  0.131E-01   0.00       0.00       1.00       1.00    
    10.0000     7.9259     4.3848     3.2844  0.847E-02  0.131E-01   0.00       0.00       1.00       1.00    
    10.0000     7.9777     4.4008     3.3019  0.847E-02  0.131E-01   0.00       0.00       1.00       1.00    
    10.0000     8.0284     4.4149     3.3196  0.833E-02  0.130E-01   0.00       0.00       1.00       1.00    
    10.0000     8.0841     4.4329     3.3395  0.826E-02  0.129E-01   0.00       0.00       1.00       1.00    
    10.0000     8.1400     4.4502     3.3595  0.813E-02  0.128E-01   0.00       0.00       1.00       1.00    
    10.0000     8.1928     4.4657     3.3783  0.806E-02  0.126E-01   0.00       0.00       1.00       1.00    
    10.0000     8.2475     4.4885     3.3979  0.474E-02  0.746E-02   0.00       0.00       1.00       1.00    
    10.0000     8.3037     4.5178     3.4181  0.472E-02  0.741E-02   0.00       0.00       1.00       1.00    
    10.0000     8.3571     4.5456     3.4372  0.469E-02  0.741E-02   0.00       0.00       1.00       1.00    
    10.0000     8.4093     4.5718     3.4560  0.467E-02  0.735E-02   0.00       0.00       1.00       1.00    
    10.0000     8.4587     4.5978     3.4737  0.465E-02  0.735E-02   0.00       0.00       1.00       1.00    
    10.0000     8.5064     4.6215     3.4908  0.463E-02  0.730E-02   0.00       0.00       1.00       1.00    
    10.0000     8.5521     4.6438     3.5064  0.461E-02  0.730E-02   0.00       0.00       1.00       1.00    
    10.0000     8.5955     4.6649     3.5212  0.459E-02  0.725E-02   0.00       0.00       1.00       1.00    
    10.0000     8.6371     4.6852     3.5354  0.455E-02  0.725E-02   0.00       0.00       1.00       1.00    
    10.0000     8.6770     4.7044     3.5490  0.452E-02  0.719E-02   0.00       0.00       1.00       1.00    
    10.0000     8.7156     4.7228     3.5622  0.450E-02  0.714E-02   0.00       0.00       1.00       1.00    
    10.0000     8.7533     4.7407     3.5751  0.448E-02  0.714E-02   0.00       0.00       1.00       1.00    
    10.0000     8.7893     4.7579     3.5875  0.446E-02  0.709E-02   0.00       0.00       1.00       1.00    
    10.0000     8.8233     4.7736     3.5991  0.442E-02  0.704E-02   0.00       0.00       1.00       1.00    
    10.0000     8.8555     4.7886     3.6102  0.441E-02  0.704E-02   0.00       0.00       1.00       1.00    
    10.0000     8.8869     4.8032     3.6210  0.439E-02  0.699E-02   0.00       0.00       1.00       1.00    
    10.0000     8.9169     4.8171     3.6314  0.435E-02  0.694E-02   0.00       0.00       1.00       1.00    
    10.0000     8.9467     4.8308     3.6417  0.433E-02  0.690E-02   0.00       0.00       1.00       1.00    
    10.0000     8.9754     4.8442     3.6516  0.431E-02  0.690E-02   0.00       0.00       1.00       1.00    
    10.0000     9.0119     4.8615     3.6648  0.427E-02  0.685E-02   0.00       0.00       1.00       1.00    
    10.0000     9.3769     5.0911     3.8108  0.388E-02  0.613E-02   0.00       0.00       1.00       1.00    
    10.0000     9.4105     5.1123     3.8242  0.388E-02  0.613E-02   0.00       0.00       1.00       1.00    
    10.0000     9.4438     5.1336     3.8375  0.386E-02  0.610E-02   0.00       0.00       1.00       1.00    
    10.0000     9.4777     5.1546     3.8511  0.386E-02  0.610E-02   0.00       0.00       1.00       1.00    
    10.0000     9.5112     5.1758     3.8643  0.385E-02  0.606E-02   0.00       0.00       1.00       1.00    
    10.0000     9.5449     5.1970     3.8771  0.385E-02  0.606E-02   0.00       0.00       1.00       1.00    
    10.0000     9.5785     5.2181     3.8898  0.383E-02  0.606E-02   0.00       0.00       1.00       1.00    
    10.0000     9.6119     5.2394     3.9025  0.383E-02  0.602E-02   0.00       0.00       1.00       1.00    
    10.0000     9.6458     5.2604     3.9154  0.383E-02  0.602E-02   0.00       0.00       1.00       1.00    
    10.0000     9.6794     5.2816     3.9282  0.382E-02  0.599E-02   0.00       0.00       1.00       1.00    
    10.0000     9.7130     5.3029     3.9409  0.382E-02  0.599E-02   0.00       0.00       1.00       1.00    
    10.0000     9.7466     5.3242     3.9537  0.380E-02  0.599E-02   0.00       0.00       1.00       1.00    
    10.0000     9.7799     5.3454     3.9664  0.380E-02  0.595E-02   0.00       0.00       1.00       1.00    
    10.0000     9.8137     5.3669     3.9792  0.380E-02  0.595E-02   0.00       0.00       1.00       1.00    
    10.0000     9.8473     5.3883     3.9920  0.379E-02  0.592E-02   0.00       0.00       1.00       1.00    
    10.0000     9.8808     5.4094     4.0047  0.379E-02  0.592E-02   0.00       0.00       1.00       1.00    
     0.0000     9.9144     5.4306     4.0175  0.377E-02  0.592E-02   0.00       0.00       1.00       1.00    
