MODEL.01
 
ISOTROPIC
KGS
SPHERICAL EARTH
1-D
CONSTANT VELOCITY
LINE08
LINE09
LINE10
LINE11
      H(KM)   VP(KM/S)   VS(KM/S) RHO(GM/CC)     QP         QS       ETAP       ETAS      FREFP      FREFS    
     2.0000     6.1060     3.4057     2.7311  0.118E-02  0.167E-02   0.00       0.00       1.00       1.00    
     2.0000     6.2917     3.5093     2.7719  0.118E-02  0.167E-02   0.00       0.00       1.00       1.00    
     2.0000     6.3816     3.5595     2.7929  0.118E-02  0.167E-02   0.00       0.00       1.00       1.00    
     2.0000     6.3741     3.5553     2.7928  0.118E-02  0.167E-02   0.00       0.00       1.00       1.00    
     2.0000     6.4137     3.5775     2.8057  0.118E-02  0.167E-02   0.00       0.00       1.00       1.00    
     2.0000     6.3103     3.5199     2.7891  0.118E-02  0.167E-02   0.00       0.00       1.00       1.00    
     2.0000     6.3109     3.5200     2.7862  0.118E-02  0.167E-02   0.00       0.00       1.00       1.00    
     2.0000     6.3815     3.5595     2.8020  0.118E-02  0.167E-02   0.00       0.00       1.00       1.00    
     2.0000     6.4646     3.6058     2.8261  0.118E-02  0.167E-02   0.00       0.00       1.00       1.00    
     2.0000     6.5148     3.6338     2.8423  0.118E-02  0.167E-02   0.00       0.00       1.00       1.00    
     2.0000     6.5755     3.6677     2.8614  0.118E-02  0.167E-02   0.00       0.00       1.00       1.00    
     2.0000     6.5050     3.6282     2.8527  0.118E-02  0.167E-02   0.00       0.00       1.00       1.00    
     2.0000     6.5191     3.6362     2.8591  0.118E-02  0.167E-02   0.00       0.00       1.00       1.00    
     2.0000     6.7081     3.7416     2.9047  0.118E-02  0.167E-02   0.00       0.00       1.00       1.00    
     2.0000     7.1822     4.0062     3.0091  0.118E-02  0.167E-02   0.00       0.00       1.00       1.00    
     2.0000     7.8075     4.3549     3.1919  0.118E-02  0.167E-02   0.00       0.00       1.00       1.00    
     2.0000     8.0951     4.5152     3.2979  0.118E-02  0.167E-02   0.00       0.00       1.00       1.00    
     2.0000     8.1231     4.5308     3.3202  0.118E-02  0.167E-02   0.00       0.00       1.00       1.00    
     2.0000     8.1006     4.5183     3.3183  0.118E-02  0.167E-02   0.00       0.00       1.00       1.00    
     2.0000     7.9993     4.4619     3.2912  0.118E-02  0.167E-02   0.00       0.00       1.00       1.00    
     2.0000     7.7647     4.3309     3.2288  0.118E-02  0.167E-02   0.00       0.00       1.00       1.00    
     2.0000     7.6050     4.2420     3.1823  0.118E-02  0.167E-02   0.00       0.00       1.00       1.00    
     2.0000     7.6201     4.2503     3.1795  0.118E-02  0.167E-02   0.00       0.00       1.00       1.00    
     2.0000     7.7007     4.2952     3.1971  0.118E-02  0.167E-02   0.00       0.00       1.00       1.00    
     2.0000     7.7451     4.3201     3.2103  0.118E-02  0.167E-02   0.00       0.00       1.00       1.00    
     5.0000     7.7646     4.3309     3.2190  0.118E-02  0.167E-02   0.00       0.00       1.00       1.00    
     5.0000     7.7984     4.3506     3.2329  0.118E-02  0.167E-02   0.00       0.00       1.00       1.00    
     5.0000     7.7803     4.3413     3.2349  0.118E-02  0.167E-02   0.00       0.00       1.00       1.00    
     5.0000     7.7216     4.3094     3.2252  0.118E-02  0.167E-02   0.00       0.00       1.00       1.00    
     5.0000     7.6959     4.2959     3.2203  0.118E-02  0.167E-02   0.00       0.00       1.00       1.00    
     5.0000     7.7253     4.3045     3.2295  0.118E-02  0.167E-02   0.00       0.00       1.00       1.00    
     5.0000     7.7318     4.3178     3.2308  0.118E-02  0.167E-02   0.00       0.00       1.00       1.00    
     5.0000     7.7408     4.3235     3.2337  0.118E-02  0.167E-02   0.00       0.00       1.00       1.00    
     5.0000     7.7442     4.3245     3.2348  0.118E-02  0.167E-02   0.00       0.00       1.00       1.00    
     5.0000     7.7508     4.3308     3.2367  0.118E-02  0.167E-02   0.00       0.00       1.00       1.00    
    10.0000     7.7683     4.3384     3.2420  0.118E-02  0.167E-02   0.00       0.00       1.00       1.00    
    10.0000     7.7745     4.3460     3.2434  0.118E-02  0.167E-02   0.00       0.00       1.00       1.00    
    10.0000     7.7975     4.3523     3.2510  0.862E-02  0.131E-01   0.00       0.00       1.00       1.00    
    10.0000     7.8265     4.3554     3.2609  0.862E-02  0.131E-01   0.00       0.00       1.00       1.00    
    10.0000     7.8574     4.3588     3.2711  0.855E-02  0.131E-01   0.00       0.00       1.00       1.00    
    10.0000     7.8949     4.3676     3.2831  0.847E-02  0.131E-01   0.00       0.00       1.00       1.00    
    10.0000     7.9333     4.3762     3.2955  0.847E-02  0.131E-01   0.00       0.00       1.00       1.00    
    10.0000     7.9717     4.3839     3.3079  0.833E-02  0.130E-01   0.00       0.00       1.00       1.00    
    10.0000     8.0110     4.3928     3.3212  0.826E-02  0.129E-01   0.00       0.00       1.00       1.00    
    10.0000     8.0514     4.4018     3.3350  0.813E-02  0.128E-01   0.00       0.00       1.00       1.00    
    10.0000     8.0911     4.4105     3.3486  0.806E-02  0.126E-01   0.00       0.00       1.00       1.00    
    10.0000     8.1352     4.4275     3.3638  0.474E-02  0.746E-02   0.00       0.00       1.00       1.00    
    10.0000     8.1835     4.4523     3.3806  0.472E-02  0.741E-02   0.00       0.00       1.00       1.00    
    10.0000     8.2313     4.4769     3.3972  0.469E-02  0.741E-02   0.00       0.00       1.00       1.00    
    10.0000     8.2794     4.5013     3.4140  0.467E-02  0.735E-02   0.00       0.00       1.00       1.00    
    10.0000     8.3269     4.5259     3.4306  0.465E-02  0.735E-02   0.00       0.00       1.00       1.00    
    10.0000     8.3744     4.5496     3.4473  0.463E-02  0.730E-02   0.00       0.00       1.00       1.00    
    10.0000     8.4219     4.5730     3.4640  0.461E-02  0.730E-02   0.00       0.00       1.00       1.00    
    10.0000     8.4690     4.5960     3.4806  0.459E-02  0.725E-02   0.00       0.00       1.00       1.00    
    10.0000     8.5160     4.6193     3.4968  0.455E-02  0.725E-02   0.00       0.00       1.00       1.00    
    10.0000     8.5626     4.6421     3.5124  0.452E-02  0.719E-02   0.00       0.00       1.00       1.00    
    10.0000     8.6093     4.6651     3.5280  0.450E-02  0.714E-02   0.00       0.00       1.00       1.00    
    10.0000     8.6557     4.6877     3.5436  0.448E-02  0.714E-02   0.00       0.00       1.00       1.00    
    10.0000     8.7018     4.7104     3.5591  0.446E-02  0.709E-02   0.00       0.00       1.00       1.00    
    10.0000     8.7478     4.7328     3.5746  0.442E-02  0.704E-02   0.00       0.00       1.00       1.00    
    10.0000     8.7936     4.7552     3.5901  0.441E-02  0.704E-02   0.00       0.00       1.00       1.00    
    10.0000     8.8393     4.7774     3.6055  0.439E-02  0.699E-02   0.00       0.00       1.00       1.00    
    10.0000     8.8847     4.7998     3.6209  0.435E-02  0.694E-02   0.00       0.00       1.00       1.00    
    10.0000     8.9301     4.8218     3.6363  0.433E-02  0.690E-02   0.00       0.00       1.00       1.00    
    10.0000     8.9754     4.8442     3.6516  0.431E-02  0.690E-02   0.00       0.00       1.00       1.00    
    10.0000     9.0119     4.8615     3.6648  0.427E-02  0.685E-02   0.00       0.00       1.00       1.00    
    10.0000     9.3769     5.0911     3.8108  0.388E-02  0.613E-02   0.00       0.00       1.00       1.00    
    10.0000     9.4105     5.1123     3.8242  0.388E-02  0.613E-02   0.00       0.00       1.00       1.00    
    10.0000     9.4438     5.1336     3.8375  0.386E-02  0.610E-02   0.00       0.00       1.00       1.00    
    10.0000     9.4777     5.1546     3.8511  0.386E-02  0.610E-02   0.00       0.00       1.00       1.00    
    10.0000     9.5112     5.1758     3.8643  0.385E-02  0.606E-02   0.00       0.00       1.00       1.00    
    10.0000     9.5449     5.1970     3.8771  0.385E-02  0.606E-02   0.00       0.00       1.00       1.00    
    10.0000     9.5785     5.2181     3.8898  0.383E-02  0.606E-02   0.00       0.00       1.00       1.00    
    10.0000     9.6119     5.2394     3.9025  0.383E-02  0.602E-02   0.00       0.00       1.00       1.00    
    10.0000     9.6458     5.2604     3.9154  0.383E-02  0.602E-02   0.00       0.00       1.00       1.00    
    10.0000     9.6794     5.2816     3.9282  0.382E-02  0.599E-02   0.00       0.00       1.00       1.00    
    10.0000     9.7130     5.3029     3.9409  0.382E-02  0.599E-02   0.00       0.00       1.00       1.00    
    10.0000     9.7466     5.3242     3.9537  0.380E-02  0.599E-02   0.00       0.00       1.00       1.00    
    10.0000     9.7799     5.3454     3.9664  0.380E-02  0.595E-02   0.00       0.00       1.00       1.00    
    10.0000     9.8137     5.3669     3.9792  0.380E-02  0.595E-02   0.00       0.00       1.00       1.00    
    10.0000     9.8473     5.3883     3.9920  0.379E-02  0.592E-02   0.00       0.00       1.00       1.00    
    10.0000     9.8808     5.4094     4.0047  0.379E-02  0.592E-02   0.00       0.00       1.00       1.00    
     0.0000     9.9144     5.4306     4.0175  0.377E-02  0.592E-02   0.00       0.00       1.00       1.00    
