MODEL.01
 
ISOTROPIC
KGS
SPHERICAL EARTH
1-D
CONSTANT VELOCITY
LINE08
LINE09
LINE10
LINE11
      H(KM)   VP(KM/S)   VS(KM/S) RHO(GM/CC)     QP         QS       ETAP       ETAS      FREFP      FREFS    
     2.0000     6.3269     3.5290     3.3243  0.118E-02  0.167E-02   0.00       0.00       1.00       1.00    
     2.0000     6.3379     3.5351     3.3243  0.118E-02  0.167E-02   0.00       0.00       1.00       1.00    
     2.0000     6.3494     3.5415     3.3243  0.118E-02  0.167E-02   0.00       0.00       1.00       1.00    
     2.0000     6.3577     3.5462     3.3243  0.118E-02  0.167E-02   0.00       0.00       1.00       1.00    
     2.0000     6.3611     3.5481     3.3243  0.118E-02  0.167E-02   0.00       0.00       1.00       1.00    
     2.0000     6.3704     3.5533     3.3243  0.118E-02  0.167E-02   0.00       0.00       1.00       1.00    
     2.0000     6.3867     3.5623     3.3243  0.118E-02  0.167E-02   0.00       0.00       1.00       1.00    
     2.0000     6.3990     3.5692     3.3243  0.118E-02  0.167E-02   0.00       0.00       1.00       1.00    
     2.0000     6.4126     3.5768     3.3243  0.118E-02  0.167E-02   0.00       0.00       1.00       1.00    
     2.0000     6.4338     3.5886     3.3243  0.118E-02  0.167E-02   0.00       0.00       1.00       1.00    
     2.0000     6.4787     3.6137     3.3243  0.118E-02  0.167E-02   0.00       0.00       1.00       1.00    
     2.0000     6.5305     3.6425     3.3243  0.118E-02  0.167E-02   0.00       0.00       1.00       1.00    
     2.0000     6.5881     3.6747     3.3243  0.118E-02  0.167E-02   0.00       0.00       1.00       1.00    
     2.0000     6.6503     3.7094     3.3243  0.118E-02  0.167E-02   0.00       0.00       1.00       1.00    
     2.0000     6.7200     3.7483     3.3243  0.118E-02  0.167E-02   0.00       0.00       1.00       1.00    
     2.0000     6.8102     3.7986     3.3243  0.118E-02  0.167E-02   0.00       0.00       1.00       1.00    
     2.0000     6.9204     3.8600     3.3243  0.118E-02  0.167E-02   0.00       0.00       1.00       1.00    
     2.0000     7.0443     3.9291     3.3243  0.118E-02  0.167E-02   0.00       0.00       1.00       1.00    
     2.0000     7.1796     4.0046     3.3243  0.118E-02  0.167E-02   0.00       0.00       1.00       1.00    
     2.0000     7.3114     4.0781     3.3243  0.118E-02  0.167E-02   0.00       0.00       1.00       1.00    
     2.0000     7.4213     4.1394     3.3243  0.118E-02  0.167E-02   0.00       0.00       1.00       1.00    
     2.0000     7.5105     4.1892     3.3243  0.118E-02  0.167E-02   0.00       0.00       1.00       1.00    
     2.0000     7.5891     4.2330     3.3243  0.118E-02  0.167E-02   0.00       0.00       1.00       1.00    
     2.0000     7.6580     4.2714     3.3243  0.118E-02  0.167E-02   0.00       0.00       1.00       1.00    
     2.0000     7.7181     4.3050     3.3243  0.118E-02  0.167E-02   0.00       0.00       1.00       1.00    
     5.0000     7.7662     4.3318     3.3243  0.118E-02  0.167E-02   0.00       0.00       1.00       1.00    
     5.0000     7.8256     4.3658     3.3245  0.118E-02  0.167E-02   0.00       0.00       1.00       1.00    
     5.0000     7.8767     4.3952     3.3247  0.118E-02  0.167E-02   0.00       0.00       1.00       1.00    
     5.0000     7.9156     4.4177     3.3249  0.118E-02  0.167E-02   0.00       0.00       1.00       1.00    
     5.0000     7.9421     4.4333     3.3252  0.118E-02  0.167E-02   0.00       0.00       1.00       1.00    
     5.0000     7.9727     4.4423     3.3301  0.118E-02  0.167E-02   0.00       0.00       1.00       1.00    
     5.0000     7.9711     4.4514     3.3256  0.118E-02  0.167E-02   0.00       0.00       1.00       1.00    
     5.0000     7.9771     4.4556     3.3258  0.118E-02  0.167E-02   0.00       0.00       1.00       1.00    
     5.0000     7.9791     4.4557     3.3260  0.118E-02  0.167E-02   0.00       0.00       1.00       1.00    
     5.0000     7.9812     4.4596     3.3262  0.118E-02  0.167E-02   0.00       0.00       1.00       1.00    
    10.0000     7.9905     4.4624     3.3289  0.118E-02  0.167E-02   0.00       0.00       1.00       1.00    
    10.0000     7.9874     4.4650     3.3270  0.118E-02  0.167E-02   0.00       0.00       1.00       1.00    
    10.0000     8.0064     4.4689     3.3331  0.862E-02  0.131E-01   0.00       0.00       1.00       1.00    
    10.0000     8.0358     4.4718     3.3432  0.862E-02  0.131E-01   0.00       0.00       1.00       1.00    
    10.0000     8.0644     4.4736     3.3531  0.855E-02  0.131E-01   0.00       0.00       1.00       1.00    
    10.0000     8.0935     4.4775     3.3630  0.847E-02  0.131E-01   0.00       0.00       1.00       1.00    
    10.0000     8.1234     4.4810     3.3731  0.847E-02  0.131E-01   0.00       0.00       1.00       1.00    
    10.0000     8.1531     4.4836     3.3831  0.833E-02  0.130E-01   0.00       0.00       1.00       1.00    
    10.0000     8.1827     4.4869     3.3930  0.826E-02  0.129E-01   0.00       0.00       1.00       1.00    
    10.0000     8.2132     4.4902     3.4032  0.813E-02  0.128E-01   0.00       0.00       1.00       1.00    
    10.0000     8.2432     4.4934     3.4132  0.806E-02  0.126E-01   0.00       0.00       1.00       1.00    
    10.0000     8.2775     4.5050     3.4248  0.474E-02  0.746E-02   0.00       0.00       1.00       1.00    
    10.0000     8.3161     4.5244     3.4379  0.472E-02  0.741E-02   0.00       0.00       1.00       1.00    
    10.0000     8.3545     4.5439     3.4509  0.469E-02  0.741E-02   0.00       0.00       1.00       1.00    
    10.0000     8.3933     4.5633     3.4640  0.467E-02  0.735E-02   0.00       0.00       1.00       1.00    
    10.0000     8.4319     4.5828     3.4771  0.465E-02  0.735E-02   0.00       0.00       1.00       1.00    
    10.0000     8.4706     4.6018     3.4902  0.463E-02  0.730E-02   0.00       0.00       1.00       1.00    
    10.0000     8.5094     4.6206     3.5026  0.461E-02  0.730E-02   0.00       0.00       1.00       1.00    
    10.0000     8.5483     4.6391     3.5150  0.459E-02  0.725E-02   0.00       0.00       1.00       1.00    
    10.0000     8.5872     4.6579     3.5275  0.455E-02  0.725E-02   0.00       0.00       1.00       1.00    
    10.0000     8.6260     4.6764     3.5399  0.452E-02  0.719E-02   0.00       0.00       1.00       1.00    
    10.0000     8.6649     4.6952     3.5523  0.450E-02  0.714E-02   0.00       0.00       1.00       1.00    
    10.0000     8.7037     4.7137     3.5647  0.448E-02  0.714E-02   0.00       0.00       1.00       1.00    
    10.0000     8.7425     4.7324     3.5771  0.446E-02  0.709E-02   0.00       0.00       1.00       1.00    
    10.0000     8.7813     4.7509     3.5896  0.442E-02  0.704E-02   0.00       0.00       1.00       1.00    
    10.0000     8.8201     4.7696     3.6020  0.441E-02  0.704E-02   0.00       0.00       1.00       1.00    
    10.0000     8.8590     4.7881     3.6144  0.439E-02  0.699E-02   0.00       0.00       1.00       1.00    
    10.0000     8.8978     4.8069     3.6268  0.435E-02  0.694E-02   0.00       0.00       1.00       1.00    
    10.0000     8.9366     4.8254     3.6392  0.433E-02  0.690E-02   0.00       0.00       1.00       1.00    
    10.0000     8.9754     4.8442     3.6516  0.431E-02  0.690E-02   0.00       0.00       1.00       1.00    
    10.0000     9.0119     4.8615     3.6648  0.427E-02  0.685E-02   0.00       0.00       1.00       1.00    
    10.0000     9.3769     5.0911     3.8108  0.388E-02  0.613E-02   0.00       0.00       1.00       1.00    
    10.0000     9.4105     5.1123     3.8242  0.388E-02  0.613E-02   0.00       0.00       1.00       1.00    
    10.0000     9.4438     5.1336     3.8375  0.386E-02  0.610E-02   0.00       0.00       1.00       1.00    
    10.0000     9.4777     5.1546     3.8511  0.386E-02  0.610E-02   0.00       0.00       1.00       1.00    
    10.0000     9.5112     5.1758     3.8643  0.385E-02  0.606E-02   0.00       0.00       1.00       1.00    
    10.0000     9.5449     5.1970     3.8771  0.385E-02  0.606E-02   0.00       0.00       1.00       1.00    
    10.0000     9.5785     5.2181     3.8898  0.383E-02  0.606E-02   0.00       0.00       1.00       1.00    
    10.0000     9.6119     5.2394     3.9025  0.383E-02  0.602E-02   0.00       0.00       1.00       1.00    
    10.0000     9.6458     5.2604     3.9154  0.383E-02  0.602E-02   0.00       0.00       1.00       1.00    
    10.0000     9.6794     5.2816     3.9282  0.382E-02  0.599E-02   0.00       0.00       1.00       1.00    
    10.0000     9.7130     5.3029     3.9409  0.382E-02  0.599E-02   0.00       0.00       1.00       1.00    
    10.0000     9.7466     5.3242     3.9537  0.380E-02  0.599E-02   0.00       0.00       1.00       1.00    
    10.0000     9.7799     5.3454     3.9664  0.380E-02  0.595E-02   0.00       0.00       1.00       1.00    
    10.0000     9.8137     5.3669     3.9792  0.380E-02  0.595E-02   0.00       0.00       1.00       1.00    
    10.0000     9.8473     5.3883     3.9920  0.379E-02  0.592E-02   0.00       0.00       1.00       1.00    
    10.0000     9.8808     5.4094     4.0047  0.379E-02  0.592E-02   0.00       0.00       1.00       1.00    
     0.0000     9.9144     5.4306     4.0175  0.377E-02  0.592E-02   0.00       0.00       1.00       1.00    
