MODEL.01
 
ISOTROPIC
KGS
SPHERICAL EARTH
1-D
CONSTANT VELOCITY
LINE08
LINE09
LINE10
LINE11
      H(KM)   VP(KM/S)   VS(KM/S) RHO(GM/CC)     QP         QS       ETAP       ETAS      FREFP      FREFS    
     2.0000     5.7646     3.2152     2.6542  0.118E-02  0.167E-02   0.00       0.00       1.00       1.00    
     2.0000     6.3920     3.5655     2.8162  0.118E-02  0.167E-02   0.00       0.00       1.00       1.00    
     2.0000     6.5605     3.6592     2.8647  0.118E-02  0.167E-02   0.00       0.00       1.00       1.00    
     2.0000     6.2958     3.5118     2.7902  0.118E-02  0.167E-02   0.00       0.00       1.00       1.00    
     2.0000     6.3936     3.5664     2.8193  0.118E-02  0.167E-02   0.00       0.00       1.00       1.00    
     2.0000     6.1559     3.4339     2.7480  0.118E-02  0.167E-02   0.00       0.00       1.00       1.00    
     2.0000     6.2182     3.4685     2.7650  0.118E-02  0.167E-02   0.00       0.00       1.00       1.00    
     2.0000     6.3156     3.5228     2.7940  0.118E-02  0.167E-02   0.00       0.00       1.00       1.00    
     2.0000     6.4043     3.5721     2.8205  0.118E-02  0.167E-02   0.00       0.00       1.00       1.00    
     2.0000     6.4483     3.5965     2.8341  0.118E-02  0.167E-02   0.00       0.00       1.00       1.00    
     2.0000     6.6617     3.7159     2.8909  0.118E-02  0.167E-02   0.00       0.00       1.00       1.00    
     2.0000     6.6608     3.7152     2.8907  0.118E-02  0.167E-02   0.00       0.00       1.00       1.00    
     2.0000     6.6456     3.7069     2.8875  0.118E-02  0.167E-02   0.00       0.00       1.00       1.00    
     2.0000     6.6774     3.7246     2.8962  0.118E-02  0.167E-02   0.00       0.00       1.00       1.00    
     2.0000     7.2269     4.0312     3.0526  0.118E-02  0.167E-02   0.00       0.00       1.00       1.00    
     2.0000     7.9082     4.4111     3.2783  0.118E-02  0.167E-02   0.00       0.00       1.00       1.00    
     2.0000     7.9963     4.4602     3.3089  0.118E-02  0.167E-02   0.00       0.00       1.00       1.00    
     2.0000     7.9133     4.4139     3.2811  0.118E-02  0.167E-02   0.00       0.00       1.00       1.00    
     2.0000     7.9582     4.4389     3.2968  0.118E-02  0.167E-02   0.00       0.00       1.00       1.00    
     2.0000     8.0581     4.4947     3.3309  0.118E-02  0.167E-02   0.00       0.00       1.00       1.00    
     2.0000     7.8078     4.3548     3.2451  0.118E-02  0.167E-02   0.00       0.00       1.00       1.00    
     2.0000     7.6552     4.2701     3.1933  0.118E-02  0.167E-02   0.00       0.00       1.00       1.00    
     2.0000     7.7531     4.3246     3.2265  0.118E-02  0.167E-02   0.00       0.00       1.00       1.00    
     2.0000     7.8269     4.3656     3.2519  0.118E-02  0.167E-02   0.00       0.00       1.00       1.00    
     2.0000     7.7511     4.3236     3.2268  0.118E-02  0.167E-02   0.00       0.00       1.00       1.00    
     5.0000     7.7449     4.3199     3.2239  0.118E-02  0.167E-02   0.00       0.00       1.00       1.00    
     5.0000     7.8619     4.3859     3.2627  0.118E-02  0.167E-02   0.00       0.00       1.00       1.00    
     5.0000     7.8674     4.3898     3.2640  0.118E-02  0.167E-02   0.00       0.00       1.00       1.00    
     5.0000     7.6696     4.2805     3.1980  0.118E-02  0.167E-02   0.00       0.00       1.00       1.00    
     5.0000     7.5608     4.2204     3.1621  0.118E-02  0.167E-02   0.00       0.00       1.00       1.00    
     5.0000     7.6464     4.2606     3.1906  0.118E-02  0.167E-02   0.00       0.00       1.00       1.00    
     5.0000     7.6901     4.2946     3.2049  0.118E-02  0.167E-02   0.00       0.00       1.00       1.00    
     5.0000     7.6969     4.2990     3.2071  0.118E-02  0.167E-02   0.00       0.00       1.00       1.00    
     5.0000     7.6959     4.2973     3.2068  0.118E-02  0.167E-02   0.00       0.00       1.00       1.00    
     5.0000     7.6996     4.3022     3.2081  0.118E-02  0.167E-02   0.00       0.00       1.00       1.00    
    10.0000     7.7224     4.3129     3.2159  0.118E-02  0.167E-02   0.00       0.00       1.00       1.00    
    10.0000     7.7452     4.3295     3.2234  0.118E-02  0.167E-02   0.00       0.00       1.00       1.00    
    10.0000     7.7803     4.3427     3.2353  0.862E-02  0.131E-01   0.00       0.00       1.00       1.00    
    10.0000     7.8189     4.3513     3.2484  0.862E-02  0.131E-01   0.00       0.00       1.00       1.00    
    10.0000     7.8671     4.3644     3.2645  0.855E-02  0.131E-01   0.00       0.00       1.00       1.00    
    10.0000     7.9212     4.3822     3.2828  0.847E-02  0.131E-01   0.00       0.00       1.00       1.00    
    10.0000     7.9715     4.3974     3.2997  0.847E-02  0.131E-01   0.00       0.00       1.00       1.00    
    10.0000     8.0210     4.4109     3.3168  0.833E-02  0.130E-01   0.00       0.00       1.00       1.00    
    10.0000     8.0747     4.4278     3.3360  0.826E-02  0.129E-01   0.00       0.00       1.00       1.00    
    10.0000     8.1290     4.4441     3.3553  0.813E-02  0.128E-01   0.00       0.00       1.00       1.00    
    10.0000     8.1801     4.4588     3.3736  0.806E-02  0.126E-01   0.00       0.00       1.00       1.00    
    10.0000     8.2335     4.4809     3.3927  0.474E-02  0.746E-02   0.00       0.00       1.00       1.00    
    10.0000     8.2888     4.5097     3.4125  0.472E-02  0.741E-02   0.00       0.00       1.00       1.00    
    10.0000     8.3415     4.5371     3.4314  0.469E-02  0.741E-02   0.00       0.00       1.00       1.00    
    10.0000     8.3933     4.5631     3.4500  0.467E-02  0.735E-02   0.00       0.00       1.00       1.00    
    10.0000     8.4424     4.5889     3.4677  0.465E-02  0.735E-02   0.00       0.00       1.00       1.00    
    10.0000     8.4901     4.6126     3.4849  0.463E-02  0.730E-02   0.00       0.00       1.00       1.00    
    10.0000     8.5359     4.6350     3.5007  0.461E-02  0.730E-02   0.00       0.00       1.00       1.00    
    10.0000     8.5797     4.6564     3.5157  0.459E-02  0.725E-02   0.00       0.00       1.00       1.00    
    10.0000     8.6221     4.6770     3.5302  0.455E-02  0.725E-02   0.00       0.00       1.00       1.00    
    10.0000     8.6628     4.6966     3.5441  0.452E-02  0.719E-02   0.00       0.00       1.00       1.00    
    10.0000     8.7023     4.7156     3.5576  0.450E-02  0.714E-02   0.00       0.00       1.00       1.00    
    10.0000     8.7411     4.7341     3.5709  0.448E-02  0.714E-02   0.00       0.00       1.00       1.00    
    10.0000     8.7784     4.7520     3.5837  0.446E-02  0.709E-02   0.00       0.00       1.00       1.00    
    10.0000     8.8138     4.7685     3.5958  0.442E-02  0.704E-02   0.00       0.00       1.00       1.00    
    10.0000     8.8477     4.7844     3.6075  0.441E-02  0.704E-02   0.00       0.00       1.00       1.00    
    10.0000     8.8808     4.8000     3.6189  0.439E-02  0.699E-02   0.00       0.00       1.00       1.00    
    10.0000     8.9128     4.8149     3.6300  0.435E-02  0.694E-02   0.00       0.00       1.00       1.00    
    10.0000     8.9447     4.8296     3.6410  0.433E-02  0.690E-02   0.00       0.00       1.00       1.00    
    10.0000     8.9754     4.8442     3.6516  0.431E-02  0.690E-02   0.00       0.00       1.00       1.00    
    10.0000     9.0119     4.8615     3.6648  0.427E-02  0.685E-02   0.00       0.00       1.00       1.00    
    10.0000     9.3769     5.0911     3.8108  0.388E-02  0.613E-02   0.00       0.00       1.00       1.00    
    10.0000     9.4105     5.1123     3.8242  0.388E-02  0.613E-02   0.00       0.00       1.00       1.00    
    10.0000     9.4438     5.1336     3.8375  0.386E-02  0.610E-02   0.00       0.00       1.00       1.00    
    10.0000     9.4777     5.1546     3.8511  0.386E-02  0.610E-02   0.00       0.00       1.00       1.00    
    10.0000     9.5112     5.1758     3.8643  0.385E-02  0.606E-02   0.00       0.00       1.00       1.00    
    10.0000     9.5449     5.1970     3.8771  0.385E-02  0.606E-02   0.00       0.00       1.00       1.00    
    10.0000     9.5785     5.2181     3.8898  0.383E-02  0.606E-02   0.00       0.00       1.00       1.00    
    10.0000     9.6119     5.2394     3.9025  0.383E-02  0.602E-02   0.00       0.00       1.00       1.00    
    10.0000     9.6458     5.2604     3.9154  0.383E-02  0.602E-02   0.00       0.00       1.00       1.00    
    10.0000     9.6794     5.2816     3.9282  0.382E-02  0.599E-02   0.00       0.00       1.00       1.00    
    10.0000     9.7130     5.3029     3.9409  0.382E-02  0.599E-02   0.00       0.00       1.00       1.00    
    10.0000     9.7466     5.3242     3.9537  0.380E-02  0.599E-02   0.00       0.00       1.00       1.00    
    10.0000     9.7799     5.3454     3.9664  0.380E-02  0.595E-02   0.00       0.00       1.00       1.00    
    10.0000     9.8137     5.3669     3.9792  0.380E-02  0.595E-02   0.00       0.00       1.00       1.00    
    10.0000     9.8473     5.3883     3.9920  0.379E-02  0.592E-02   0.00       0.00       1.00       1.00    
    10.0000     9.8808     5.4094     4.0047  0.379E-02  0.592E-02   0.00       0.00       1.00       1.00    
     0.0000     9.9144     5.4306     4.0175  0.377E-02  0.592E-02   0.00       0.00       1.00       1.00    
