MODEL.01
 
ISOTROPIC
KGS
SPHERICAL EARTH
1-D
CONSTANT VELOCITY
LINE08
LINE09
LINE10
LINE11
      H(KM)   VP(KM/S)   VS(KM/S) RHO(GM/CC)     QP         QS       ETAP       ETAS      FREFP      FREFS    
     2.0000     5.9113     3.2971     2.6862  0.118E-02  0.167E-02   0.00       0.00       1.00       1.00    
     2.0000     6.3174     3.5237     2.7936  0.118E-02  0.167E-02   0.00       0.00       1.00       1.00    
     2.0000     6.4715     3.6096     2.8381  0.118E-02  0.167E-02   0.00       0.00       1.00       1.00    
     2.0000     6.3606     3.5479     2.8089  0.118E-02  0.167E-02   0.00       0.00       1.00       1.00    
     2.0000     6.4331     3.5883     2.8293  0.118E-02  0.167E-02   0.00       0.00       1.00       1.00    
     2.0000     6.2266     3.4733     2.7696  0.118E-02  0.167E-02   0.00       0.00       1.00       1.00    
     2.0000     6.2187     3.4687     2.7666  0.118E-02  0.167E-02   0.00       0.00       1.00       1.00    
     2.0000     6.2968     3.5123     2.7895  0.118E-02  0.167E-02   0.00       0.00       1.00       1.00    
     2.0000     6.3796     3.5583     2.8142  0.118E-02  0.167E-02   0.00       0.00       1.00       1.00    
     2.0000     6.4343     3.5888     2.8306  0.118E-02  0.167E-02   0.00       0.00       1.00       1.00    
     2.0000     6.5848     3.6729     2.8703  0.118E-02  0.167E-02   0.00       0.00       1.00       1.00    
     2.0000     6.5773     3.6686     2.8678  0.118E-02  0.167E-02   0.00       0.00       1.00       1.00    
     2.0000     6.6094     3.6867     2.8771  0.118E-02  0.167E-02   0.00       0.00       1.00       1.00    
     2.0000     6.7007     3.7375     2.9034  0.118E-02  0.167E-02   0.00       0.00       1.00       1.00    
     2.0000     7.2192     4.0270     3.0493  0.118E-02  0.167E-02   0.00       0.00       1.00       1.00    
     2.0000     7.8531     4.3804     3.2569  0.118E-02  0.167E-02   0.00       0.00       1.00       1.00    
     2.0000     7.9959     4.4599     3.3084  0.118E-02  0.167E-02   0.00       0.00       1.00       1.00    
     2.0000     7.9483     4.4334     3.2939  0.118E-02  0.167E-02   0.00       0.00       1.00       1.00    
     2.0000     7.9945     4.4592     3.3083  0.118E-02  0.167E-02   0.00       0.00       1.00       1.00    
     2.0000     8.0204     4.4737     3.3140  0.118E-02  0.167E-02   0.00       0.00       1.00       1.00    
     2.0000     7.7944     4.3474     3.2382  0.118E-02  0.167E-02   0.00       0.00       1.00       1.00    
     2.0000     7.6549     4.2698     3.1917  0.118E-02  0.167E-02   0.00       0.00       1.00       1.00    
     2.0000     7.7463     4.3207     3.2221  0.118E-02  0.167E-02   0.00       0.00       1.00       1.00    
     2.0000     7.8470     4.3768     3.2571  0.118E-02  0.167E-02   0.00       0.00       1.00       1.00    
     2.0000     7.8191     4.3613     3.2497  0.118E-02  0.167E-02   0.00       0.00       1.00       1.00    
     5.0000     7.7823     4.3408     3.2369  0.118E-02  0.167E-02   0.00       0.00       1.00       1.00    
     5.0000     7.8412     4.3745     3.2548  0.118E-02  0.167E-02   0.00       0.00       1.00       1.00    
     5.0000     7.8214     4.3642     3.2475  0.118E-02  0.167E-02   0.00       0.00       1.00       1.00    
     5.0000     7.6951     4.2946     3.2073  0.118E-02  0.167E-02   0.00       0.00       1.00       1.00    
     5.0000     7.6387     4.2639     3.1896  0.118E-02  0.167E-02   0.00       0.00       1.00       1.00    
     5.0000     7.6893     4.2845     3.2058  0.118E-02  0.167E-02   0.00       0.00       1.00       1.00    
     5.0000     7.7077     4.3044     3.2114  0.118E-02  0.167E-02   0.00       0.00       1.00       1.00    
     5.0000     7.7132     4.3082     3.2134  0.118E-02  0.167E-02   0.00       0.00       1.00       1.00    
     5.0000     7.7143     4.3077     3.2138  0.118E-02  0.167E-02   0.00       0.00       1.00       1.00    
     5.0000     7.7200     4.3136     3.2158  0.118E-02  0.167E-02   0.00       0.00       1.00       1.00    
    10.0000     7.7401     4.3227     3.2225  0.118E-02  0.167E-02   0.00       0.00       1.00       1.00    
    10.0000     7.7529     4.3339     3.2265  0.118E-02  0.167E-02   0.00       0.00       1.00       1.00    
    10.0000     7.7823     4.3439     3.2363  0.862E-02  0.131E-01   0.00       0.00       1.00       1.00    
    10.0000     7.8161     4.3496     3.2476  0.862E-02  0.131E-01   0.00       0.00       1.00       1.00    
    10.0000     7.8545     4.3572     3.2603  0.855E-02  0.131E-01   0.00       0.00       1.00       1.00    
    10.0000     7.8992     4.3701     3.2753  0.847E-02  0.131E-01   0.00       0.00       1.00       1.00    
    10.0000     7.9421     4.3810     3.2896  0.847E-02  0.131E-01   0.00       0.00       1.00       1.00    
    10.0000     7.9850     4.3913     3.3040  0.833E-02  0.130E-01   0.00       0.00       1.00       1.00    
    10.0000     8.0303     4.4034     3.3196  0.826E-02  0.129E-01   0.00       0.00       1.00       1.00    
    10.0000     8.0764     4.4155     3.3360  0.813E-02  0.128E-01   0.00       0.00       1.00       1.00    
    10.0000     8.1209     4.4267     3.3518  0.806E-02  0.126E-01   0.00       0.00       1.00       1.00    
    10.0000     8.1691     4.4459     3.3690  0.474E-02  0.746E-02   0.00       0.00       1.00       1.00    
    10.0000     8.2204     4.4725     3.3873  0.472E-02  0.741E-02   0.00       0.00       1.00       1.00    
    10.0000     8.2705     4.4983     3.4053  0.469E-02  0.741E-02   0.00       0.00       1.00       1.00    
    10.0000     8.3203     4.5235     3.4231  0.467E-02  0.735E-02   0.00       0.00       1.00       1.00    
    10.0000     8.3688     4.5488     3.4405  0.465E-02  0.735E-02   0.00       0.00       1.00       1.00    
    10.0000     8.4167     4.5726     3.4578  0.463E-02  0.730E-02   0.00       0.00       1.00       1.00    
    10.0000     8.4637     4.5957     3.4747  0.461E-02  0.730E-02   0.00       0.00       1.00       1.00    
    10.0000     8.5097     4.6182     3.4913  0.459E-02  0.725E-02   0.00       0.00       1.00       1.00    
    10.0000     8.5551     4.6406     3.5068  0.455E-02  0.725E-02   0.00       0.00       1.00       1.00    
    10.0000     8.5996     4.6623     3.5221  0.452E-02  0.719E-02   0.00       0.00       1.00       1.00    
    10.0000     8.6438     4.6838     3.5372  0.450E-02  0.714E-02   0.00       0.00       1.00       1.00    
    10.0000     8.6874     4.7048     3.5522  0.448E-02  0.714E-02   0.00       0.00       1.00       1.00    
    10.0000     8.7302     4.7259     3.5669  0.446E-02  0.709E-02   0.00       0.00       1.00       1.00    
    10.0000     8.7723     4.7461     3.5814  0.442E-02  0.704E-02   0.00       0.00       1.00       1.00    
    10.0000     8.8137     4.7660     3.5957  0.441E-02  0.704E-02   0.00       0.00       1.00       1.00    
    10.0000     8.8547     4.7858     3.6098  0.439E-02  0.699E-02   0.00       0.00       1.00       1.00    
    10.0000     8.8952     4.8054     3.6239  0.435E-02  0.694E-02   0.00       0.00       1.00       1.00    
    10.0000     8.9356     4.8247     3.6378  0.433E-02  0.690E-02   0.00       0.00       1.00       1.00    
    10.0000     8.9754     4.8442     3.6516  0.431E-02  0.690E-02   0.00       0.00       1.00       1.00    
    10.0000     9.0119     4.8615     3.6648  0.427E-02  0.685E-02   0.00       0.00       1.00       1.00    
    10.0000     9.3769     5.0911     3.8108  0.388E-02  0.613E-02   0.00       0.00       1.00       1.00    
    10.0000     9.4105     5.1123     3.8242  0.388E-02  0.613E-02   0.00       0.00       1.00       1.00    
    10.0000     9.4438     5.1336     3.8375  0.386E-02  0.610E-02   0.00       0.00       1.00       1.00    
    10.0000     9.4777     5.1546     3.8511  0.386E-02  0.610E-02   0.00       0.00       1.00       1.00    
    10.0000     9.5112     5.1758     3.8643  0.385E-02  0.606E-02   0.00       0.00       1.00       1.00    
    10.0000     9.5449     5.1970     3.8771  0.385E-02  0.606E-02   0.00       0.00       1.00       1.00    
    10.0000     9.5785     5.2181     3.8898  0.383E-02  0.606E-02   0.00       0.00       1.00       1.00    
    10.0000     9.6119     5.2394     3.9025  0.383E-02  0.602E-02   0.00       0.00       1.00       1.00    
    10.0000     9.6458     5.2604     3.9154  0.383E-02  0.602E-02   0.00       0.00       1.00       1.00    
    10.0000     9.6794     5.2816     3.9282  0.382E-02  0.599E-02   0.00       0.00       1.00       1.00    
    10.0000     9.7130     5.3029     3.9409  0.382E-02  0.599E-02   0.00       0.00       1.00       1.00    
    10.0000     9.7466     5.3242     3.9537  0.380E-02  0.599E-02   0.00       0.00       1.00       1.00    
    10.0000     9.7799     5.3454     3.9664  0.380E-02  0.595E-02   0.00       0.00       1.00       1.00    
    10.0000     9.8137     5.3669     3.9792  0.380E-02  0.595E-02   0.00       0.00       1.00       1.00    
    10.0000     9.8473     5.3883     3.9920  0.379E-02  0.592E-02   0.00       0.00       1.00       1.00    
    10.0000     9.8808     5.4094     4.0047  0.379E-02  0.592E-02   0.00       0.00       1.00       1.00    
     0.0000     9.9144     5.4306     4.0175  0.377E-02  0.592E-02   0.00       0.00       1.00       1.00    
