MODEL.01
 
ISOTROPIC
KGS
SPHERICAL EARTH
1-D
CONSTANT VELOCITY
LINE08
LINE09
LINE10
LINE11
      H(KM)   VP(KM/S)   VS(KM/S) RHO(GM/CC)     QP         QS       ETAP       ETAS      FREFP      FREFS    
     2.0000     5.7529     3.2086     2.6517  0.118E-02  0.167E-02   0.00       0.00       1.00       1.00    
     2.0000     6.4011     3.5706     2.8190  0.118E-02  0.167E-02   0.00       0.00       1.00       1.00    
     2.0000     6.5673     3.6630     2.8666  0.118E-02  0.167E-02   0.00       0.00       1.00       1.00    
     2.0000     6.2863     3.5065     2.7873  0.118E-02  0.167E-02   0.00       0.00       1.00       1.00    
     2.0000     6.3852     3.5617     2.8168  0.118E-02  0.167E-02   0.00       0.00       1.00       1.00    
     2.0000     6.1482     3.4296     2.7456  0.118E-02  0.167E-02   0.00       0.00       1.00       1.00    
     2.0000     6.2217     3.4704     2.7660  0.118E-02  0.167E-02   0.00       0.00       1.00       1.00    
     2.0000     6.3197     3.5250     2.7953  0.118E-02  0.167E-02   0.00       0.00       1.00       1.00    
     2.0000     6.4093     3.5749     2.8220  0.118E-02  0.167E-02   0.00       0.00       1.00       1.00    
     2.0000     6.4511     3.5981     2.8349  0.118E-02  0.167E-02   0.00       0.00       1.00       1.00    
     2.0000     6.6702     3.7207     2.8932  0.118E-02  0.167E-02   0.00       0.00       1.00       1.00    
     2.0000     6.6683     3.7193     2.8928  0.118E-02  0.167E-02   0.00       0.00       1.00       1.00    
     2.0000     6.6477     3.7080     2.8881  0.118E-02  0.167E-02   0.00       0.00       1.00       1.00    
     2.0000     6.6770     3.7244     2.8961  0.118E-02  0.167E-02   0.00       0.00       1.00       1.00    
     2.0000     7.2266     4.0310     3.0526  0.118E-02  0.167E-02   0.00       0.00       1.00       1.00    
     2.0000     7.9106     4.4124     3.2792  0.118E-02  0.167E-02   0.00       0.00       1.00       1.00    
     2.0000     7.9951     4.4596     3.3085  0.118E-02  0.167E-02   0.00       0.00       1.00       1.00    
     2.0000     7.9100     4.4121     3.2799  0.118E-02  0.167E-02   0.00       0.00       1.00       1.00    
     2.0000     7.9523     4.4356     3.2948  0.118E-02  0.167E-02   0.00       0.00       1.00       1.00    
     2.0000     8.0578     4.4945     3.3309  0.118E-02  0.167E-02   0.00       0.00       1.00       1.00    
     2.0000     7.8047     4.3531     3.2441  0.118E-02  0.167E-02   0.00       0.00       1.00       1.00    
     2.0000     7.6520     4.2683     3.1922  0.118E-02  0.167E-02   0.00       0.00       1.00       1.00    
     2.0000     7.7504     4.3231     3.2256  0.118E-02  0.167E-02   0.00       0.00       1.00       1.00    
     2.0000     7.8222     4.3630     3.2503  0.118E-02  0.167E-02   0.00       0.00       1.00       1.00    
     2.0000     7.7430     4.3191     3.2240  0.118E-02  0.167E-02   0.00       0.00       1.00       1.00    
     5.0000     7.7412     4.3179     3.2226  0.118E-02  0.167E-02   0.00       0.00       1.00       1.00    
     5.0000     7.8638     4.3869     3.2634  0.118E-02  0.167E-02   0.00       0.00       1.00       1.00    
     5.0000     7.8730     4.3928     3.2659  0.118E-02  0.167E-02   0.00       0.00       1.00       1.00    
     5.0000     7.6683     4.2798     3.1974  0.118E-02  0.167E-02   0.00       0.00       1.00       1.00    
     5.0000     7.5526     4.2159     3.1592  0.118E-02  0.167E-02   0.00       0.00       1.00       1.00    
     5.0000     7.6420     4.2581     3.1890  0.118E-02  0.167E-02   0.00       0.00       1.00       1.00    
     5.0000     7.6889     4.2939     3.2044  0.118E-02  0.167E-02   0.00       0.00       1.00       1.00    
     5.0000     7.6961     4.2986     3.2068  0.118E-02  0.167E-02   0.00       0.00       1.00       1.00    
     5.0000     7.6948     4.2967     3.2064  0.118E-02  0.167E-02   0.00       0.00       1.00       1.00    
     5.0000     7.6982     4.3014     3.2076  0.118E-02  0.167E-02   0.00       0.00       1.00       1.00    
    10.0000     7.7211     4.3122     3.2154  0.118E-02  0.167E-02   0.00       0.00       1.00       1.00    
    10.0000     7.7449     4.3293     3.2233  0.118E-02  0.167E-02   0.00       0.00       1.00       1.00    
    10.0000     7.7803     4.3427     3.2353  0.862E-02  0.131E-01   0.00       0.00       1.00       1.00    
    10.0000     7.8193     4.3515     3.2485  0.862E-02  0.131E-01   0.00       0.00       1.00       1.00    
    10.0000     7.8686     4.3652     3.2651  0.855E-02  0.131E-01   0.00       0.00       1.00       1.00    
    10.0000     7.9237     4.3836     3.2836  0.847E-02  0.131E-01   0.00       0.00       1.00       1.00    
    10.0000     7.9748     4.3992     3.3009  0.847E-02  0.131E-01   0.00       0.00       1.00       1.00    
    10.0000     8.0249     4.4130     3.3183  0.833E-02  0.130E-01   0.00       0.00       1.00       1.00    
    10.0000     8.0796     4.4305     3.3378  0.826E-02  0.129E-01   0.00       0.00       1.00       1.00    
    10.0000     8.1347     4.4473     3.3575  0.813E-02  0.128E-01   0.00       0.00       1.00       1.00    
    10.0000     8.1867     4.4624     3.3761  0.806E-02  0.126E-01   0.00       0.00       1.00       1.00    
    10.0000     8.2408     4.4848     3.3954  0.474E-02  0.746E-02   0.00       0.00       1.00       1.00    
    10.0000     8.2965     4.5139     3.4154  0.472E-02  0.741E-02   0.00       0.00       1.00       1.00    
    10.0000     8.3496     4.5415     3.4344  0.469E-02  0.741E-02   0.00       0.00       1.00       1.00    
    10.0000     8.4016     4.5676     3.4531  0.467E-02  0.735E-02   0.00       0.00       1.00       1.00    
    10.0000     8.4508     4.5935     3.4708  0.465E-02  0.735E-02   0.00       0.00       1.00       1.00    
    10.0000     8.4985     4.6172     3.4880  0.463E-02  0.730E-02   0.00       0.00       1.00       1.00    
    10.0000     8.5442     4.6395     3.5036  0.461E-02  0.730E-02   0.00       0.00       1.00       1.00    
    10.0000     8.5878     4.6608     3.5185  0.459E-02  0.725E-02   0.00       0.00       1.00       1.00    
    10.0000     8.6298     4.6812     3.5328  0.455E-02  0.725E-02   0.00       0.00       1.00       1.00    
    10.0000     8.6701     4.7006     3.5466  0.452E-02  0.719E-02   0.00       0.00       1.00       1.00    
    10.0000     8.7091     4.7193     3.5599  0.450E-02  0.714E-02   0.00       0.00       1.00       1.00    
    10.0000     8.7474     4.7375     3.5731  0.448E-02  0.714E-02   0.00       0.00       1.00       1.00    
    10.0000     8.7840     4.7550     3.5856  0.446E-02  0.709E-02   0.00       0.00       1.00       1.00    
    10.0000     8.8187     4.7711     3.5975  0.442E-02  0.704E-02   0.00       0.00       1.00       1.00    
    10.0000     8.8517     4.7866     3.6089  0.441E-02  0.704E-02   0.00       0.00       1.00       1.00    
    10.0000     8.8839     4.8016     3.6200  0.439E-02  0.699E-02   0.00       0.00       1.00       1.00    
    10.0000     8.9149     4.8161     3.6307  0.435E-02  0.694E-02   0.00       0.00       1.00       1.00    
    10.0000     8.9457     4.8302     3.6414  0.433E-02  0.690E-02   0.00       0.00       1.00       1.00    
    10.0000     8.9754     4.8442     3.6516  0.431E-02  0.690E-02   0.00       0.00       1.00       1.00    
    10.0000     9.0119     4.8615     3.6648  0.427E-02  0.685E-02   0.00       0.00       1.00       1.00    
    10.0000     9.3769     5.0911     3.8108  0.388E-02  0.613E-02   0.00       0.00       1.00       1.00    
    10.0000     9.4105     5.1123     3.8242  0.388E-02  0.613E-02   0.00       0.00       1.00       1.00    
    10.0000     9.4438     5.1336     3.8375  0.386E-02  0.610E-02   0.00       0.00       1.00       1.00    
    10.0000     9.4777     5.1546     3.8511  0.386E-02  0.610E-02   0.00       0.00       1.00       1.00    
    10.0000     9.5112     5.1758     3.8643  0.385E-02  0.606E-02   0.00       0.00       1.00       1.00    
    10.0000     9.5449     5.1970     3.8771  0.385E-02  0.606E-02   0.00       0.00       1.00       1.00    
    10.0000     9.5785     5.2181     3.8898  0.383E-02  0.606E-02   0.00       0.00       1.00       1.00    
    10.0000     9.6119     5.2394     3.9025  0.383E-02  0.602E-02   0.00       0.00       1.00       1.00    
    10.0000     9.6458     5.2604     3.9154  0.383E-02  0.602E-02   0.00       0.00       1.00       1.00    
    10.0000     9.6794     5.2816     3.9282  0.382E-02  0.599E-02   0.00       0.00       1.00       1.00    
    10.0000     9.7130     5.3029     3.9409  0.382E-02  0.599E-02   0.00       0.00       1.00       1.00    
    10.0000     9.7466     5.3242     3.9537  0.380E-02  0.599E-02   0.00       0.00       1.00       1.00    
    10.0000     9.7799     5.3454     3.9664  0.380E-02  0.595E-02   0.00       0.00       1.00       1.00    
    10.0000     9.8137     5.3669     3.9792  0.380E-02  0.595E-02   0.00       0.00       1.00       1.00    
    10.0000     9.8473     5.3883     3.9920  0.379E-02  0.592E-02   0.00       0.00       1.00       1.00    
    10.0000     9.8808     5.4094     4.0047  0.379E-02  0.592E-02   0.00       0.00       1.00       1.00    
     0.0000     9.9144     5.4306     4.0175  0.377E-02  0.592E-02   0.00       0.00       1.00       1.00    
