MODEL.01
 
ISOTROPIC
KGS
SPHERICAL EARTH
1-D
CONSTANT VELOCITY
LINE08
LINE09
LINE10
LINE11
      H(KM)   VP(KM/S)   VS(KM/S) RHO(GM/CC)     QP         QS       ETAP       ETAS      FREFP      FREFS    
     2.0000     5.8392     3.2568     2.6702  0.118E-02  0.167E-02   0.00       0.00       1.00       1.00    
     2.0000     6.3459     3.5396     2.8021  0.118E-02  0.167E-02   0.00       0.00       1.00       1.00    
     2.0000     6.5149     3.6337     2.8520  0.118E-02  0.167E-02   0.00       0.00       1.00       1.00    
     2.0000     6.3406     3.5368     2.8036  0.118E-02  0.167E-02   0.00       0.00       1.00       1.00    
     2.0000     6.4278     3.5853     2.8291  0.118E-02  0.167E-02   0.00       0.00       1.00       1.00    
     2.0000     6.1987     3.4578     2.7613  0.118E-02  0.167E-02   0.00       0.00       1.00       1.00    
     2.0000     6.2110     3.4644     2.7635  0.118E-02  0.167E-02   0.00       0.00       1.00       1.00    
     2.0000     6.2987     3.5134     2.7892  0.118E-02  0.167E-02   0.00       0.00       1.00       1.00    
     2.0000     6.3832     3.5604     2.8145  0.118E-02  0.167E-02   0.00       0.00       1.00       1.00    
     2.0000     6.4360     3.5897     2.8305  0.118E-02  0.167E-02   0.00       0.00       1.00       1.00    
     2.0000     6.6161     3.6904     2.8786  0.118E-02  0.167E-02   0.00       0.00       1.00       1.00    
     2.0000     6.6151     3.6897     2.8782  0.118E-02  0.167E-02   0.00       0.00       1.00       1.00    
     2.0000     6.6287     3.6975     2.8827  0.118E-02  0.167E-02   0.00       0.00       1.00       1.00    
     2.0000     6.6861     3.7294     2.8989  0.118E-02  0.167E-02   0.00       0.00       1.00       1.00    
     2.0000     7.2259     4.0307     3.0521  0.118E-02  0.167E-02   0.00       0.00       1.00       1.00    
     2.0000     7.8844     4.3979     3.2691  0.118E-02  0.167E-02   0.00       0.00       1.00       1.00    
     2.0000     7.9981     4.4613     3.3093  0.118E-02  0.167E-02   0.00       0.00       1.00       1.00    
     2.0000     7.9323     4.4245     3.2879  0.118E-02  0.167E-02   0.00       0.00       1.00       1.00    
     2.0000     7.9858     4.4543     3.3060  0.118E-02  0.167E-02   0.00       0.00       1.00       1.00    
     2.0000     8.0484     4.4893     3.3262  0.118E-02  0.167E-02   0.00       0.00       1.00       1.00    
     2.0000     7.8107     4.3565     3.2451  0.118E-02  0.167E-02   0.00       0.00       1.00       1.00    
     2.0000     7.6626     4.2742     3.1951  0.118E-02  0.167E-02   0.00       0.00       1.00       1.00    
     2.0000     7.7579     4.3273     3.2274  0.118E-02  0.167E-02   0.00       0.00       1.00       1.00    
     2.0000     7.8465     4.3766     3.2583  0.118E-02  0.167E-02   0.00       0.00       1.00       1.00    
     2.0000     7.7950     4.3480     3.2421  0.118E-02  0.167E-02   0.00       0.00       1.00       1.00    
     5.0000     7.7672     4.3323     3.2319  0.118E-02  0.167E-02   0.00       0.00       1.00       1.00    
     5.0000     7.8521     4.3806     3.2592  0.118E-02  0.167E-02   0.00       0.00       1.00       1.00    
     5.0000     7.8408     4.3750     3.2547  0.118E-02  0.167E-02   0.00       0.00       1.00       1.00    
     5.0000     7.6824     4.2877     3.2028  0.118E-02  0.167E-02   0.00       0.00       1.00       1.00    
     5.0000     7.6060     4.2456     3.1781  0.118E-02  0.167E-02   0.00       0.00       1.00       1.00    
     5.0000     7.6709     4.2742     3.1992  0.118E-02  0.167E-02   0.00       0.00       1.00       1.00    
     5.0000     7.6987     4.2994     3.2080  0.118E-02  0.167E-02   0.00       0.00       1.00       1.00    
     5.0000     7.7040     4.3030     3.2098  0.118E-02  0.167E-02   0.00       0.00       1.00       1.00    
     5.0000     7.7043     4.3020     3.2100  0.118E-02  0.167E-02   0.00       0.00       1.00       1.00    
     5.0000     7.7093     4.3076     3.2117  0.118E-02  0.167E-02   0.00       0.00       1.00       1.00    
    10.0000     7.7309     4.3175     3.2190  0.118E-02  0.167E-02   0.00       0.00       1.00       1.00    
    10.0000     7.7479     4.3310     3.2245  0.118E-02  0.167E-02   0.00       0.00       1.00       1.00    
    10.0000     7.7801     4.3427     3.2353  0.862E-02  0.131E-01   0.00       0.00       1.00       1.00    
    10.0000     7.8163     4.3496     3.2474  0.862E-02  0.131E-01   0.00       0.00       1.00       1.00    
    10.0000     7.8586     4.3596     3.2616  0.855E-02  0.131E-01   0.00       0.00       1.00       1.00    
    10.0000     7.9072     4.3745     3.2779  0.847E-02  0.131E-01   0.00       0.00       1.00       1.00    
    10.0000     7.9532     4.3872     3.2933  0.847E-02  0.131E-01   0.00       0.00       1.00       1.00    
    10.0000     7.9988     4.3988     3.3086  0.833E-02  0.130E-01   0.00       0.00       1.00       1.00    
    10.0000     8.0477     4.4129     3.3259  0.826E-02  0.129E-01   0.00       0.00       1.00       1.00    
    10.0000     8.0970     4.4267     3.3434  0.813E-02  0.128E-01   0.00       0.00       1.00       1.00    
    10.0000     8.1443     4.4393     3.3603  0.806E-02  0.126E-01   0.00       0.00       1.00       1.00    
    10.0000     8.1945     4.4597     3.3782  0.474E-02  0.746E-02   0.00       0.00       1.00       1.00    
    10.0000     8.2475     4.4872     3.3972  0.472E-02  0.741E-02   0.00       0.00       1.00       1.00    
    10.0000     8.2985     4.5137     3.4155  0.469E-02  0.741E-02   0.00       0.00       1.00       1.00    
    10.0000     8.3492     4.5391     3.4337  0.467E-02  0.735E-02   0.00       0.00       1.00       1.00    
    10.0000     8.3978     4.5647     3.4512  0.465E-02  0.735E-02   0.00       0.00       1.00       1.00    
    10.0000     8.4457     4.5884     3.4684  0.463E-02  0.730E-02   0.00       0.00       1.00       1.00    
    10.0000     8.4922     4.6112     3.4852  0.461E-02  0.730E-02   0.00       0.00       1.00       1.00    
    10.0000     8.5373     4.6333     3.5009  0.459E-02  0.725E-02   0.00       0.00       1.00       1.00    
    10.0000     8.5816     4.6550     3.5160  0.455E-02  0.725E-02   0.00       0.00       1.00       1.00    
    10.0000     8.6246     4.6759     3.5307  0.452E-02  0.719E-02   0.00       0.00       1.00       1.00    
    10.0000     8.6670     4.6964     3.5453  0.450E-02  0.714E-02   0.00       0.00       1.00       1.00    
    10.0000     8.7086     4.7163     3.5595  0.448E-02  0.714E-02   0.00       0.00       1.00       1.00    
    10.0000     8.7492     4.7362     3.5735  0.446E-02  0.709E-02   0.00       0.00       1.00       1.00    
    10.0000     8.7886     4.7549     3.5871  0.442E-02  0.704E-02   0.00       0.00       1.00       1.00    
    10.0000     8.8271     4.7732     3.6003  0.441E-02  0.704E-02   0.00       0.00       1.00       1.00    
    10.0000     8.8650     4.7914     3.6134  0.439E-02  0.699E-02   0.00       0.00       1.00       1.00    
    10.0000     8.9021     4.8091     3.6263  0.435E-02  0.694E-02   0.00       0.00       1.00       1.00    
    10.0000     8.9391     4.8267     3.6391  0.433E-02  0.690E-02   0.00       0.00       1.00       1.00    
    10.0000     8.9754     4.8442     3.6516  0.431E-02  0.690E-02   0.00       0.00       1.00       1.00    
    10.0000     9.0119     4.8615     3.6648  0.427E-02  0.685E-02   0.00       0.00       1.00       1.00    
    10.0000     9.3769     5.0911     3.8108  0.388E-02  0.613E-02   0.00       0.00       1.00       1.00    
    10.0000     9.4105     5.1123     3.8242  0.388E-02  0.613E-02   0.00       0.00       1.00       1.00    
    10.0000     9.4438     5.1336     3.8375  0.386E-02  0.610E-02   0.00       0.00       1.00       1.00    
    10.0000     9.4777     5.1546     3.8511  0.386E-02  0.610E-02   0.00       0.00       1.00       1.00    
    10.0000     9.5112     5.1758     3.8643  0.385E-02  0.606E-02   0.00       0.00       1.00       1.00    
    10.0000     9.5449     5.1970     3.8771  0.385E-02  0.606E-02   0.00       0.00       1.00       1.00    
    10.0000     9.5785     5.2181     3.8898  0.383E-02  0.606E-02   0.00       0.00       1.00       1.00    
    10.0000     9.6119     5.2394     3.9025  0.383E-02  0.602E-02   0.00       0.00       1.00       1.00    
    10.0000     9.6458     5.2604     3.9154  0.383E-02  0.602E-02   0.00       0.00       1.00       1.00    
    10.0000     9.6794     5.2816     3.9282  0.382E-02  0.599E-02   0.00       0.00       1.00       1.00    
    10.0000     9.7130     5.3029     3.9409  0.382E-02  0.599E-02   0.00       0.00       1.00       1.00    
    10.0000     9.7466     5.3242     3.9537  0.380E-02  0.599E-02   0.00       0.00       1.00       1.00    
    10.0000     9.7799     5.3454     3.9664  0.380E-02  0.595E-02   0.00       0.00       1.00       1.00    
    10.0000     9.8137     5.3669     3.9792  0.380E-02  0.595E-02   0.00       0.00       1.00       1.00    
    10.0000     9.8473     5.3883     3.9920  0.379E-02  0.592E-02   0.00       0.00       1.00       1.00    
    10.0000     9.8808     5.4094     4.0047  0.379E-02  0.592E-02   0.00       0.00       1.00       1.00    
     0.0000     9.9144     5.4306     4.0175  0.377E-02  0.592E-02   0.00       0.00       1.00       1.00    
