MODEL.01
 
ISOTROPIC
KGS
SPHERICAL EARTH
1-D
CONSTANT VELOCITY
LINE08
LINE09
LINE10
LINE11
      H(KM)   VP(KM/S)   VS(KM/S) RHO(GM/CC)     QP         QS       ETAP       ETAS      FREFP      FREFS    
     2.0000     5.8184     3.2452     2.6657  0.118E-02  0.167E-02   0.00       0.00       1.00       1.00    
     2.0000     6.3570     3.5458     2.8054  0.118E-02  0.167E-02   0.00       0.00       1.00       1.00    
     2.0000     6.5278     3.6410     2.8556  0.118E-02  0.167E-02   0.00       0.00       1.00       1.00    
     2.0000     6.3308     3.5313     2.8007  0.118E-02  0.167E-02   0.00       0.00       1.00       1.00    
     2.0000     6.4216     3.5819     2.8275  0.118E-02  0.167E-02   0.00       0.00       1.00       1.00    
     2.0000     6.1881     3.4519     2.7580  0.118E-02  0.167E-02   0.00       0.00       1.00       1.00    
     2.0000     6.2109     3.4644     2.7632  0.118E-02  0.167E-02   0.00       0.00       1.00       1.00    
     2.0000     6.3019     3.5151     2.7901  0.118E-02  0.167E-02   0.00       0.00       1.00       1.00    
     2.0000     6.3872     3.5626     2.8155  0.118E-02  0.167E-02   0.00       0.00       1.00       1.00    
     2.0000     6.4384     3.5910     2.8311  0.118E-02  0.167E-02   0.00       0.00       1.00       1.00    
     2.0000     6.6275     3.6967     2.8817  0.118E-02  0.167E-02   0.00       0.00       1.00       1.00    
     2.0000     6.6274     3.6965     2.8816  0.118E-02  0.167E-02   0.00       0.00       1.00       1.00    
     2.0000     6.6339     3.7004     2.8842  0.118E-02  0.167E-02   0.00       0.00       1.00       1.00    
     2.0000     6.6828     3.7276     2.8979  0.118E-02  0.167E-02   0.00       0.00       1.00       1.00    
     2.0000     7.2268     4.0312     3.0524  0.118E-02  0.167E-02   0.00       0.00       1.00       1.00    
     2.0000     7.8923     4.4023     3.2721  0.118E-02  0.167E-02   0.00       0.00       1.00       1.00    
     2.0000     7.9984     4.4614     3.3094  0.118E-02  0.167E-02   0.00       0.00       1.00       1.00    
     2.0000     7.9273     4.4218     3.2861  0.118E-02  0.167E-02   0.00       0.00       1.00       1.00    
     2.0000     7.9801     4.4511     3.3042  0.118E-02  0.167E-02   0.00       0.00       1.00       1.00    
     2.0000     8.0532     4.4920     3.3284  0.118E-02  0.167E-02   0.00       0.00       1.00       1.00    
     2.0000     7.8124     4.3574     3.2460  0.118E-02  0.167E-02   0.00       0.00       1.00       1.00    
     2.0000     7.6625     4.2742     3.1953  0.118E-02  0.167E-02   0.00       0.00       1.00       1.00    
     2.0000     7.7585     4.3277     3.2279  0.118E-02  0.167E-02   0.00       0.00       1.00       1.00    
     2.0000     7.8430     4.3746     3.2573  0.118E-02  0.167E-02   0.00       0.00       1.00       1.00    
     2.0000     7.7844     4.3422     3.2385  0.118E-02  0.167E-02   0.00       0.00       1.00       1.00    
     5.0000     7.7615     4.3291     3.2299  0.118E-02  0.167E-02   0.00       0.00       1.00       1.00    
     5.0000     7.8548     4.3821     3.2602  0.118E-02  0.167E-02   0.00       0.00       1.00       1.00    
     5.0000     7.8471     4.3785     3.2570  0.118E-02  0.167E-02   0.00       0.00       1.00       1.00    
     5.0000     7.6785     4.2855     3.2013  0.118E-02  0.167E-02   0.00       0.00       1.00       1.00    
     5.0000     7.5946     4.2393     3.1741  0.118E-02  0.167E-02   0.00       0.00       1.00       1.00    
     5.0000     7.6646     4.2707     3.1970  0.118E-02  0.167E-02   0.00       0.00       1.00       1.00    
     5.0000     7.6962     4.2980     3.2071  0.118E-02  0.167E-02   0.00       0.00       1.00       1.00    
     5.0000     7.7017     4.3017     3.2090  0.118E-02  0.167E-02   0.00       0.00       1.00       1.00    
     5.0000     7.7017     4.3005     3.2090  0.118E-02  0.167E-02   0.00       0.00       1.00       1.00    
     5.0000     7.7064     4.3060     3.2107  0.118E-02  0.167E-02   0.00       0.00       1.00       1.00    
    10.0000     7.7284     4.3162     3.2181  0.118E-02  0.167E-02   0.00       0.00       1.00       1.00    
    10.0000     7.7470     4.3304     3.2241  0.118E-02  0.167E-02   0.00       0.00       1.00       1.00    
    10.0000     7.7800     4.3427     3.2352  0.862E-02  0.131E-01   0.00       0.00       1.00       1.00    
    10.0000     7.8169     4.3500     3.2476  0.862E-02  0.131E-01   0.00       0.00       1.00       1.00    
    10.0000     7.8606     4.3608     3.2623  0.855E-02  0.131E-01   0.00       0.00       1.00       1.00    
    10.0000     7.9106     4.3764     3.2790  0.847E-02  0.131E-01   0.00       0.00       1.00       1.00    
    10.0000     7.9577     4.3897     3.2949  0.847E-02  0.131E-01   0.00       0.00       1.00       1.00    
    10.0000     8.0043     4.4018     3.3106  0.833E-02  0.130E-01   0.00       0.00       1.00       1.00    
    10.0000     8.0544     4.4166     3.3284  0.826E-02  0.129E-01   0.00       0.00       1.00       1.00    
    10.0000     8.1049     4.4310     3.3464  0.813E-02  0.128E-01   0.00       0.00       1.00       1.00    
    10.0000     8.1531     4.4441     3.3636  0.806E-02  0.126E-01   0.00       0.00       1.00       1.00    
    10.0000     8.2041     4.4649     3.3818  0.474E-02  0.746E-02   0.00       0.00       1.00       1.00    
    10.0000     8.2576     4.4927     3.4009  0.472E-02  0.741E-02   0.00       0.00       1.00       1.00    
    10.0000     8.3090     4.5194     3.4194  0.469E-02  0.741E-02   0.00       0.00       1.00       1.00    
    10.0000     8.3600     4.5450     3.4377  0.467E-02  0.735E-02   0.00       0.00       1.00       1.00    
    10.0000     8.4087     4.5706     3.4552  0.465E-02  0.735E-02   0.00       0.00       1.00       1.00    
    10.0000     8.4565     4.5943     3.4724  0.463E-02  0.730E-02   0.00       0.00       1.00       1.00    
    10.0000     8.5028     4.6170     3.4891  0.461E-02  0.730E-02   0.00       0.00       1.00       1.00    
    10.0000     8.5476     4.6389     3.5044  0.459E-02  0.725E-02   0.00       0.00       1.00       1.00    
    10.0000     8.5915     4.6603     3.5194  0.455E-02  0.725E-02   0.00       0.00       1.00       1.00    
    10.0000     8.6339     4.6809     3.5340  0.452E-02  0.719E-02   0.00       0.00       1.00       1.00    
    10.0000     8.6757     4.7011     3.5483  0.450E-02  0.714E-02   0.00       0.00       1.00       1.00    
    10.0000     8.7165     4.7206     3.5623  0.448E-02  0.714E-02   0.00       0.00       1.00       1.00    
    10.0000     8.7563     4.7400     3.5760  0.446E-02  0.709E-02   0.00       0.00       1.00       1.00    
    10.0000     8.7947     4.7582     3.5892  0.442E-02  0.704E-02   0.00       0.00       1.00       1.00    
    10.0000     8.8321     4.7759     3.6021  0.441E-02  0.704E-02   0.00       0.00       1.00       1.00    
    10.0000     8.8688     4.7934     3.6147  0.439E-02  0.699E-02   0.00       0.00       1.00       1.00    
    10.0000     8.9047     4.8105     3.6272  0.435E-02  0.694E-02   0.00       0.00       1.00       1.00    
    10.0000     8.9405     4.8275     3.6395  0.433E-02  0.690E-02   0.00       0.00       1.00       1.00    
    10.0000     8.9754     4.8442     3.6516  0.431E-02  0.690E-02   0.00       0.00       1.00       1.00    
    10.0000     9.0119     4.8615     3.6648  0.427E-02  0.685E-02   0.00       0.00       1.00       1.00    
    10.0000     9.3769     5.0911     3.8108  0.388E-02  0.613E-02   0.00       0.00       1.00       1.00    
    10.0000     9.4105     5.1123     3.8242  0.388E-02  0.613E-02   0.00       0.00       1.00       1.00    
    10.0000     9.4438     5.1336     3.8375  0.386E-02  0.610E-02   0.00       0.00       1.00       1.00    
    10.0000     9.4777     5.1546     3.8511  0.386E-02  0.610E-02   0.00       0.00       1.00       1.00    
    10.0000     9.5112     5.1758     3.8643  0.385E-02  0.606E-02   0.00       0.00       1.00       1.00    
    10.0000     9.5449     5.1970     3.8771  0.385E-02  0.606E-02   0.00       0.00       1.00       1.00    
    10.0000     9.5785     5.2181     3.8898  0.383E-02  0.606E-02   0.00       0.00       1.00       1.00    
    10.0000     9.6119     5.2394     3.9025  0.383E-02  0.602E-02   0.00       0.00       1.00       1.00    
    10.0000     9.6458     5.2604     3.9154  0.383E-02  0.602E-02   0.00       0.00       1.00       1.00    
    10.0000     9.6794     5.2816     3.9282  0.382E-02  0.599E-02   0.00       0.00       1.00       1.00    
    10.0000     9.7130     5.3029     3.9409  0.382E-02  0.599E-02   0.00       0.00       1.00       1.00    
    10.0000     9.7466     5.3242     3.9537  0.380E-02  0.599E-02   0.00       0.00       1.00       1.00    
    10.0000     9.7799     5.3454     3.9664  0.380E-02  0.595E-02   0.00       0.00       1.00       1.00    
    10.0000     9.8137     5.3669     3.9792  0.380E-02  0.595E-02   0.00       0.00       1.00       1.00    
    10.0000     9.8473     5.3883     3.9920  0.379E-02  0.592E-02   0.00       0.00       1.00       1.00    
    10.0000     9.8808     5.4094     4.0047  0.379E-02  0.592E-02   0.00       0.00       1.00       1.00    
     0.0000     9.9144     5.4306     4.0175  0.377E-02  0.592E-02   0.00       0.00       1.00       1.00    
