MODEL.01
 
ISOTROPIC
KGS
SPHERICAL EARTH
1-D
CONSTANT VELOCITY
LINE08
LINE09
LINE10
LINE11
      H(KM)   VP(KM/S)   VS(KM/S) RHO(GM/CC)     QP         QS       ETAP       ETAS      FREFP      FREFS    
     2.0000     5.7475     3.2056     2.6506  0.118E-02  0.167E-02   0.00       0.00       1.00       1.00    
     2.0000     6.4055     3.5730     2.8203  0.118E-02  0.167E-02   0.00       0.00       1.00       1.00    
     2.0000     6.5703     3.6647     2.8675  0.118E-02  0.167E-02   0.00       0.00       1.00       1.00    
     2.0000     6.2816     3.5039     2.7859  0.118E-02  0.167E-02   0.00       0.00       1.00       1.00    
     2.0000     6.3810     3.5593     2.8156  0.118E-02  0.167E-02   0.00       0.00       1.00       1.00    
     2.0000     6.1445     3.4276     2.7445  0.118E-02  0.167E-02   0.00       0.00       1.00       1.00    
     2.0000     6.2235     3.4714     2.7665  0.118E-02  0.167E-02   0.00       0.00       1.00       1.00    
     2.0000     6.3217     3.5261     2.7959  0.118E-02  0.167E-02   0.00       0.00       1.00       1.00    
     2.0000     6.4118     3.5763     2.8228  0.118E-02  0.167E-02   0.00       0.00       1.00       1.00    
     2.0000     6.4524     3.5988     2.8353  0.118E-02  0.167E-02   0.00       0.00       1.00       1.00    
     2.0000     6.6742     3.7230     2.8943  0.118E-02  0.167E-02   0.00       0.00       1.00       1.00    
     2.0000     6.6718     3.7212     2.8938  0.118E-02  0.167E-02   0.00       0.00       1.00       1.00    
     2.0000     6.6486     3.7085     2.8884  0.118E-02  0.167E-02   0.00       0.00       1.00       1.00    
     2.0000     6.6769     3.7244     2.8960  0.118E-02  0.167E-02   0.00       0.00       1.00       1.00    
     2.0000     7.2264     4.0309     3.0525  0.118E-02  0.167E-02   0.00       0.00       1.00       1.00    
     2.0000     7.9116     4.4129     3.2796  0.118E-02  0.167E-02   0.00       0.00       1.00       1.00    
     2.0000     7.9944     4.4592     3.3083  0.118E-02  0.167E-02   0.00       0.00       1.00       1.00    
     2.0000     7.9084     4.4112     3.2794  0.118E-02  0.167E-02   0.00       0.00       1.00       1.00    
     2.0000     7.9493     4.4339     3.2938  0.118E-02  0.167E-02   0.00       0.00       1.00       1.00    
     2.0000     8.0574     4.4943     3.3308  0.118E-02  0.167E-02   0.00       0.00       1.00       1.00    
     2.0000     7.8030     4.3521     3.2436  0.118E-02  0.167E-02   0.00       0.00       1.00       1.00    
     2.0000     7.6503     4.2673     3.1917  0.118E-02  0.167E-02   0.00       0.00       1.00       1.00    
     2.0000     7.7489     4.3223     3.2251  0.118E-02  0.167E-02   0.00       0.00       1.00       1.00    
     2.0000     7.8198     4.3617     3.2495  0.118E-02  0.167E-02   0.00       0.00       1.00       1.00    
     2.0000     7.7392     4.3170     3.2226  0.118E-02  0.167E-02   0.00       0.00       1.00       1.00    
     5.0000     7.7395     4.3170     3.2220  0.118E-02  0.167E-02   0.00       0.00       1.00       1.00    
     5.0000     7.8648     4.3874     3.2637  0.118E-02  0.167E-02   0.00       0.00       1.00       1.00    
     5.0000     7.8758     4.3943     3.2668  0.118E-02  0.167E-02   0.00       0.00       1.00       1.00    
     5.0000     7.6678     4.2795     3.1972  0.118E-02  0.167E-02   0.00       0.00       1.00       1.00    
     5.0000     7.5487     4.2137     3.1579  0.118E-02  0.167E-02   0.00       0.00       1.00       1.00    
     5.0000     7.6399     4.2569     3.1883  0.118E-02  0.167E-02   0.00       0.00       1.00       1.00    
     5.0000     7.6883     4.2936     3.2042  0.118E-02  0.167E-02   0.00       0.00       1.00       1.00    
     5.0000     7.6958     4.2984     3.2067  0.118E-02  0.167E-02   0.00       0.00       1.00       1.00    
     5.0000     7.6943     4.2964     3.2062  0.118E-02  0.167E-02   0.00       0.00       1.00       1.00    
     5.0000     7.6975     4.3010     3.2074  0.118E-02  0.167E-02   0.00       0.00       1.00       1.00    
    10.0000     7.7205     4.3119     3.2152  0.118E-02  0.167E-02   0.00       0.00       1.00       1.00    
    10.0000     7.7448     4.3292     3.2233  0.118E-02  0.167E-02   0.00       0.00       1.00       1.00    
    10.0000     7.7803     4.3427     3.2353  0.862E-02  0.131E-01   0.00       0.00       1.00       1.00    
    10.0000     7.8195     4.3516     3.2486  0.862E-02  0.131E-01   0.00       0.00       1.00       1.00    
    10.0000     7.8693     4.3656     3.2653  0.855E-02  0.131E-01   0.00       0.00       1.00       1.00    
    10.0000     7.9248     4.3842     3.2841  0.847E-02  0.131E-01   0.00       0.00       1.00       1.00    
    10.0000     7.9763     4.4000     3.3014  0.847E-02  0.131E-01   0.00       0.00       1.00       1.00    
    10.0000     8.0267     4.4140     3.3190  0.833E-02  0.130E-01   0.00       0.00       1.00       1.00    
    10.0000     8.0819     4.4317     3.3387  0.826E-02  0.129E-01   0.00       0.00       1.00       1.00    
    10.0000     8.1374     4.4488     3.3585  0.813E-02  0.128E-01   0.00       0.00       1.00       1.00    
    10.0000     8.1898     4.4641     3.3772  0.806E-02  0.126E-01   0.00       0.00       1.00       1.00    
    10.0000     8.2442     4.4867     3.3967  0.474E-02  0.746E-02   0.00       0.00       1.00       1.00    
    10.0000     8.3002     4.5159     3.4167  0.472E-02  0.741E-02   0.00       0.00       1.00       1.00    
    10.0000     8.3534     4.5436     3.4359  0.469E-02  0.741E-02   0.00       0.00       1.00       1.00    
    10.0000     8.4055     4.5697     3.4546  0.467E-02  0.735E-02   0.00       0.00       1.00       1.00    
    10.0000     8.4548     4.5957     3.4723  0.465E-02  0.735E-02   0.00       0.00       1.00       1.00    
    10.0000     8.5025     4.6194     3.4895  0.463E-02  0.730E-02   0.00       0.00       1.00       1.00    
    10.0000     8.5482     4.6417     3.5050  0.461E-02  0.730E-02   0.00       0.00       1.00       1.00    
    10.0000     8.5917     4.6629     3.5199  0.459E-02  0.725E-02   0.00       0.00       1.00       1.00    
    10.0000     8.6335     4.6832     3.5341  0.455E-02  0.725E-02   0.00       0.00       1.00       1.00    
    10.0000     8.6736     4.7025     3.5478  0.452E-02  0.719E-02   0.00       0.00       1.00       1.00    
    10.0000     8.7124     4.7211     3.5611  0.450E-02  0.714E-02   0.00       0.00       1.00       1.00    
    10.0000     8.7504     4.7391     3.5741  0.448E-02  0.714E-02   0.00       0.00       1.00       1.00    
    10.0000     8.7867     4.7565     3.5866  0.446E-02  0.709E-02   0.00       0.00       1.00       1.00    
    10.0000     8.8210     4.7724     3.5984  0.442E-02  0.704E-02   0.00       0.00       1.00       1.00    
    10.0000     8.8536     4.7876     3.6096  0.441E-02  0.704E-02   0.00       0.00       1.00       1.00    
    10.0000     8.8854     4.8024     3.6205  0.439E-02  0.699E-02   0.00       0.00       1.00       1.00    
    10.0000     8.9159     4.8166     3.6311  0.435E-02  0.694E-02   0.00       0.00       1.00       1.00    
    10.0000     8.9462     4.8305     3.6415  0.433E-02  0.690E-02   0.00       0.00       1.00       1.00    
    10.0000     8.9754     4.8442     3.6516  0.431E-02  0.690E-02   0.00       0.00       1.00       1.00    
    10.0000     9.0119     4.8615     3.6648  0.427E-02  0.685E-02   0.00       0.00       1.00       1.00    
    10.0000     9.3769     5.0911     3.8108  0.388E-02  0.613E-02   0.00       0.00       1.00       1.00    
    10.0000     9.4105     5.1123     3.8242  0.388E-02  0.613E-02   0.00       0.00       1.00       1.00    
    10.0000     9.4438     5.1336     3.8375  0.386E-02  0.610E-02   0.00       0.00       1.00       1.00    
    10.0000     9.4777     5.1546     3.8511  0.386E-02  0.610E-02   0.00       0.00       1.00       1.00    
    10.0000     9.5112     5.1758     3.8643  0.385E-02  0.606E-02   0.00       0.00       1.00       1.00    
    10.0000     9.5449     5.1970     3.8771  0.385E-02  0.606E-02   0.00       0.00       1.00       1.00    
    10.0000     9.5785     5.2181     3.8898  0.383E-02  0.606E-02   0.00       0.00       1.00       1.00    
    10.0000     9.6119     5.2394     3.9025  0.383E-02  0.602E-02   0.00       0.00       1.00       1.00    
    10.0000     9.6458     5.2604     3.9154  0.383E-02  0.602E-02   0.00       0.00       1.00       1.00    
    10.0000     9.6794     5.2816     3.9282  0.382E-02  0.599E-02   0.00       0.00       1.00       1.00    
    10.0000     9.7130     5.3029     3.9409  0.382E-02  0.599E-02   0.00       0.00       1.00       1.00    
    10.0000     9.7466     5.3242     3.9537  0.380E-02  0.599E-02   0.00       0.00       1.00       1.00    
    10.0000     9.7799     5.3454     3.9664  0.380E-02  0.595E-02   0.00       0.00       1.00       1.00    
    10.0000     9.8137     5.3669     3.9792  0.380E-02  0.595E-02   0.00       0.00       1.00       1.00    
    10.0000     9.8473     5.3883     3.9920  0.379E-02  0.592E-02   0.00       0.00       1.00       1.00    
    10.0000     9.8808     5.4094     4.0047  0.379E-02  0.592E-02   0.00       0.00       1.00       1.00    
     0.0000     9.9144     5.4306     4.0175  0.377E-02  0.592E-02   0.00       0.00       1.00       1.00    
