MODEL.01
 
ISOTROPIC
KGS
SPHERICAL EARTH
1-D
CONSTANT VELOCITY
LINE08
LINE09
LINE10
LINE11
      H(KM)   VP(KM/S)   VS(KM/S) RHO(GM/CC)     QP         QS       ETAP       ETAS      FREFP      FREFS    
     2.0000     5.8091     3.2400     2.6637  0.118E-02  0.167E-02   0.00       0.00       1.00       1.00    
     2.0000     6.3623     3.5488     2.8071  0.118E-02  0.167E-02   0.00       0.00       1.00       1.00    
     2.0000     6.5335     3.6442     2.8572  0.118E-02  0.167E-02   0.00       0.00       1.00       1.00    
     2.0000     6.3258     3.5285     2.7992  0.118E-02  0.167E-02   0.00       0.00       1.00       1.00    
     2.0000     6.4180     3.5799     2.8265  0.118E-02  0.167E-02   0.00       0.00       1.00       1.00    
     2.0000     6.1830     3.4491     2.7564  0.118E-02  0.167E-02   0.00       0.00       1.00       1.00    
     2.0000     6.2113     3.4646     2.7633  0.118E-02  0.167E-02   0.00       0.00       1.00       1.00    
     2.0000     6.3037     3.5161     2.7906  0.118E-02  0.167E-02   0.00       0.00       1.00       1.00    
     2.0000     6.3894     3.5638     2.8162  0.118E-02  0.167E-02   0.00       0.00       1.00       1.00    
     2.0000     6.4397     3.5917     2.8315  0.118E-02  0.167E-02   0.00       0.00       1.00       1.00    
     2.0000     6.6328     3.6997     2.8831  0.118E-02  0.167E-02   0.00       0.00       1.00       1.00    
     2.0000     6.6329     3.6996     2.8831  0.118E-02  0.167E-02   0.00       0.00       1.00       1.00    
     2.0000     6.6361     3.7016     2.8848  0.118E-02  0.167E-02   0.00       0.00       1.00       1.00    
     2.0000     6.6815     3.7269     2.8975  0.118E-02  0.167E-02   0.00       0.00       1.00       1.00    
     2.0000     7.2270     4.0313     3.0526  0.118E-02  0.167E-02   0.00       0.00       1.00       1.00    
     2.0000     7.8955     4.4041     3.2734  0.118E-02  0.167E-02   0.00       0.00       1.00       1.00    
     2.0000     7.9984     4.4614     3.3095  0.118E-02  0.167E-02   0.00       0.00       1.00       1.00    
     2.0000     7.9250     4.4205     3.2853  0.118E-02  0.167E-02   0.00       0.00       1.00       1.00    
     2.0000     7.9771     4.4494     3.3032  0.118E-02  0.167E-02   0.00       0.00       1.00       1.00    
     2.0000     8.0549     4.4929     3.3292  0.118E-02  0.167E-02   0.00       0.00       1.00       1.00    
     2.0000     7.8126     4.3575     3.2462  0.118E-02  0.167E-02   0.00       0.00       1.00       1.00    
     2.0000     7.6620     4.2739     3.1953  0.118E-02  0.167E-02   0.00       0.00       1.00       1.00    
     2.0000     7.7583     4.3276     3.2279  0.118E-02  0.167E-02   0.00       0.00       1.00       1.00    
     2.0000     7.8409     4.3734     3.2566  0.118E-02  0.167E-02   0.00       0.00       1.00       1.00    
     2.0000     7.7792     4.3393     3.2367  0.118E-02  0.167E-02   0.00       0.00       1.00       1.00    
     5.0000     7.7588     4.3276     3.2289  0.118E-02  0.167E-02   0.00       0.00       1.00       1.00    
     5.0000     7.8559     4.3827     3.2606  0.118E-02  0.167E-02   0.00       0.00       1.00       1.00    
     5.0000     7.8501     4.3802     3.2580  0.118E-02  0.167E-02   0.00       0.00       1.00       1.00    
     5.0000     7.6768     4.2845     3.2007  0.118E-02  0.167E-02   0.00       0.00       1.00       1.00    
     5.0000     7.5892     4.2363     3.1722  0.118E-02  0.167E-02   0.00       0.00       1.00       1.00    
     5.0000     7.6617     4.2691     3.1960  0.118E-02  0.167E-02   0.00       0.00       1.00       1.00    
     5.0000     7.6951     4.2974     3.2067  0.118E-02  0.167E-02   0.00       0.00       1.00       1.00    
     5.0000     7.7007     4.3012     3.2086  0.118E-02  0.167E-02   0.00       0.00       1.00       1.00    
     5.0000     7.7006     4.2999     3.2086  0.118E-02  0.167E-02   0.00       0.00       1.00       1.00    
     5.0000     7.7052     4.3053     3.2102  0.118E-02  0.167E-02   0.00       0.00       1.00       1.00    
    10.0000     7.7273     4.3156     3.2177  0.118E-02  0.167E-02   0.00       0.00       1.00       1.00    
    10.0000     7.7466     4.3302     3.2240  0.118E-02  0.167E-02   0.00       0.00       1.00       1.00    
    10.0000     7.7800     4.3427     3.2352  0.862E-02  0.131E-01   0.00       0.00       1.00       1.00    
    10.0000     7.8172     4.3502     3.2477  0.862E-02  0.131E-01   0.00       0.00       1.00       1.00    
    10.0000     7.8616     4.3614     3.2626  0.855E-02  0.131E-01   0.00       0.00       1.00       1.00    
    10.0000     7.9123     4.3773     3.2796  0.847E-02  0.131E-01   0.00       0.00       1.00       1.00    
    10.0000     7.9599     4.3909     3.2956  0.847E-02  0.131E-01   0.00       0.00       1.00       1.00    
    10.0000     8.0069     4.4032     3.3115  0.833E-02  0.130E-01   0.00       0.00       1.00       1.00    
    10.0000     8.0576     4.4184     3.3296  0.826E-02  0.129E-01   0.00       0.00       1.00       1.00    
    10.0000     8.1087     4.4331     3.3478  0.813E-02  0.128E-01   0.00       0.00       1.00       1.00    
    10.0000     8.1573     4.4464     3.3651  0.806E-02  0.126E-01   0.00       0.00       1.00       1.00    
    10.0000     8.2087     4.4674     3.3835  0.474E-02  0.746E-02   0.00       0.00       1.00       1.00    
    10.0000     8.2625     4.4953     3.4027  0.472E-02  0.741E-02   0.00       0.00       1.00       1.00    
    10.0000     8.3141     4.5221     3.4212  0.469E-02  0.741E-02   0.00       0.00       1.00       1.00    
    10.0000     8.3652     4.5478     3.4396  0.467E-02  0.735E-02   0.00       0.00       1.00       1.00    
    10.0000     8.4139     4.5734     3.4571  0.465E-02  0.735E-02   0.00       0.00       1.00       1.00    
    10.0000     8.4617     4.5971     3.4743  0.463E-02  0.730E-02   0.00       0.00       1.00       1.00    
    10.0000     8.5079     4.6198     3.4910  0.461E-02  0.730E-02   0.00       0.00       1.00       1.00    
    10.0000     8.5526     4.6416     3.5062  0.459E-02  0.725E-02   0.00       0.00       1.00       1.00    
    10.0000     8.5962     4.6629     3.5211  0.455E-02  0.725E-02   0.00       0.00       1.00       1.00    
    10.0000     8.6384     4.6833     3.5355  0.452E-02  0.719E-02   0.00       0.00       1.00       1.00    
    10.0000     8.6798     4.7033     3.5497  0.450E-02  0.714E-02   0.00       0.00       1.00       1.00    
    10.0000     8.7203     4.7227     3.5636  0.448E-02  0.714E-02   0.00       0.00       1.00       1.00    
    10.0000     8.7597     4.7418     3.5771  0.446E-02  0.709E-02   0.00       0.00       1.00       1.00    
    10.0000     8.7976     4.7598     3.5902  0.442E-02  0.704E-02   0.00       0.00       1.00       1.00    
    10.0000     8.8345     4.7772     3.6029  0.441E-02  0.704E-02   0.00       0.00       1.00       1.00    
    10.0000     8.8706     4.7944     3.6154  0.439E-02  0.699E-02   0.00       0.00       1.00       1.00    
    10.0000     8.9059     4.8112     3.6276  0.435E-02  0.694E-02   0.00       0.00       1.00       1.00    
    10.0000     8.9411     4.8278     3.6398  0.433E-02  0.690E-02   0.00       0.00       1.00       1.00    
    10.0000     8.9754     4.8442     3.6516  0.431E-02  0.690E-02   0.00       0.00       1.00       1.00    
    10.0000     9.0119     4.8615     3.6648  0.427E-02  0.685E-02   0.00       0.00       1.00       1.00    
    10.0000     9.3769     5.0911     3.8108  0.388E-02  0.613E-02   0.00       0.00       1.00       1.00    
    10.0000     9.4105     5.1123     3.8242  0.388E-02  0.613E-02   0.00       0.00       1.00       1.00    
    10.0000     9.4438     5.1336     3.8375  0.386E-02  0.610E-02   0.00       0.00       1.00       1.00    
    10.0000     9.4777     5.1546     3.8511  0.386E-02  0.610E-02   0.00       0.00       1.00       1.00    
    10.0000     9.5112     5.1758     3.8643  0.385E-02  0.606E-02   0.00       0.00       1.00       1.00    
    10.0000     9.5449     5.1970     3.8771  0.385E-02  0.606E-02   0.00       0.00       1.00       1.00    
    10.0000     9.5785     5.2181     3.8898  0.383E-02  0.606E-02   0.00       0.00       1.00       1.00    
    10.0000     9.6119     5.2394     3.9025  0.383E-02  0.602E-02   0.00       0.00       1.00       1.00    
    10.0000     9.6458     5.2604     3.9154  0.383E-02  0.602E-02   0.00       0.00       1.00       1.00    
    10.0000     9.6794     5.2816     3.9282  0.382E-02  0.599E-02   0.00       0.00       1.00       1.00    
    10.0000     9.7130     5.3029     3.9409  0.382E-02  0.599E-02   0.00       0.00       1.00       1.00    
    10.0000     9.7466     5.3242     3.9537  0.380E-02  0.599E-02   0.00       0.00       1.00       1.00    
    10.0000     9.7799     5.3454     3.9664  0.380E-02  0.595E-02   0.00       0.00       1.00       1.00    
    10.0000     9.8137     5.3669     3.9792  0.380E-02  0.595E-02   0.00       0.00       1.00       1.00    
    10.0000     9.8473     5.3883     3.9920  0.379E-02  0.592E-02   0.00       0.00       1.00       1.00    
    10.0000     9.8808     5.4094     4.0047  0.379E-02  0.592E-02   0.00       0.00       1.00       1.00    
     0.0000     9.9144     5.4306     4.0175  0.377E-02  0.592E-02   0.00       0.00       1.00       1.00    
