MODEL.01
 
ISOTROPIC
KGS
SPHERICAL EARTH
1-D
CONSTANT VELOCITY
LINE08
LINE09
LINE10
LINE11
      H(KM)   VP(KM/S)   VS(KM/S) RHO(GM/CC)     QP         QS       ETAP       ETAS      FREFP      FREFS    
     2.0000     5.7776     3.2224     2.6569  0.118E-02  0.167E-02   0.00       0.00       1.00       1.00    
     2.0000     6.3825     3.5602     2.8133  0.118E-02  0.167E-02   0.00       0.00       1.00       1.00    
     2.0000     6.5527     3.6549     2.8626  0.118E-02  0.167E-02   0.00       0.00       1.00       1.00    
     2.0000     6.3055     3.5173     2.7931  0.118E-02  0.167E-02   0.00       0.00       1.00       1.00    
     2.0000     6.4020     3.5710     2.8218  0.118E-02  0.167E-02   0.00       0.00       1.00       1.00    
     2.0000     6.1643     3.4386     2.7506  0.118E-02  0.167E-02   0.00       0.00       1.00       1.00    
     2.0000     6.2152     3.4668     2.7642  0.118E-02  0.167E-02   0.00       0.00       1.00       1.00    
     2.0000     6.3115     3.5205     2.7929  0.118E-02  0.167E-02   0.00       0.00       1.00       1.00    
     2.0000     6.3991     3.5693     2.8190  0.118E-02  0.167E-02   0.00       0.00       1.00       1.00    
     2.0000     6.4454     3.5949     2.8332  0.118E-02  0.167E-02   0.00       0.00       1.00       1.00    
     2.0000     6.6527     3.7108     2.8885  0.118E-02  0.167E-02   0.00       0.00       1.00       1.00    
     2.0000     6.6524     3.7105     2.8885  0.118E-02  0.167E-02   0.00       0.00       1.00       1.00    
     2.0000     6.6430     3.7054     2.8868  0.118E-02  0.167E-02   0.00       0.00       1.00       1.00    
     2.0000     6.6782     3.7251     2.8965  0.118E-02  0.167E-02   0.00       0.00       1.00       1.00    
     2.0000     7.2271     4.0314     3.0527  0.118E-02  0.167E-02   0.00       0.00       1.00       1.00    
     2.0000     7.9050     4.4094     3.2770  0.118E-02  0.167E-02   0.00       0.00       1.00       1.00    
     2.0000     7.9973     4.4608     3.3092  0.118E-02  0.167E-02   0.00       0.00       1.00       1.00    
     2.0000     7.9169     4.4160     3.2824  0.118E-02  0.167E-02   0.00       0.00       1.00       1.00    
     2.0000     7.9645     4.4424     3.2990  0.118E-02  0.167E-02   0.00       0.00       1.00       1.00    
     2.0000     8.0580     4.4946     3.3307  0.118E-02  0.167E-02   0.00       0.00       1.00       1.00    
     2.0000     7.8103     4.3562     3.2458  0.118E-02  0.167E-02   0.00       0.00       1.00       1.00    
     2.0000     7.6581     4.2717     3.1942  0.118E-02  0.167E-02   0.00       0.00       1.00       1.00    
     2.0000     7.7555     4.3260     3.2272  0.118E-02  0.167E-02   0.00       0.00       1.00       1.00    
     2.0000     7.8316     4.3683     3.2536  0.118E-02  0.167E-02   0.00       0.00       1.00       1.00    
     2.0000     7.7598     4.3285     3.2299  0.118E-02  0.167E-02   0.00       0.00       1.00       1.00    
     5.0000     7.7490     4.3222     3.2254  0.118E-02  0.167E-02   0.00       0.00       1.00       1.00    
     5.0000     7.8600     4.3849     3.2621  0.118E-02  0.167E-02   0.00       0.00       1.00       1.00    
     5.0000     7.8618     4.3866     3.2620  0.118E-02  0.167E-02   0.00       0.00       1.00       1.00    
     5.0000     7.6715     4.2815     3.1987  0.118E-02  0.167E-02   0.00       0.00       1.00       1.00    
     5.0000     7.5696     4.2253     3.1652  0.118E-02  0.167E-02   0.00       0.00       1.00       1.00    
     5.0000     7.6511     4.2632     3.1922  0.118E-02  0.167E-02   0.00       0.00       1.00       1.00    
     5.0000     7.6915     4.2954     3.2054  0.118E-02  0.167E-02   0.00       0.00       1.00       1.00    
     5.0000     7.6979     4.2996     3.2075  0.118E-02  0.167E-02   0.00       0.00       1.00       1.00    
     5.0000     7.6972     4.2980     3.2073  0.118E-02  0.167E-02   0.00       0.00       1.00       1.00    
     5.0000     7.7012     4.3031     3.2087  0.118E-02  0.167E-02   0.00       0.00       1.00       1.00    
    10.0000     7.7238     4.3137     3.2164  0.118E-02  0.167E-02   0.00       0.00       1.00       1.00    
    10.0000     7.7456     4.3297     3.2236  0.118E-02  0.167E-02   0.00       0.00       1.00       1.00    
    10.0000     7.7802     4.3427     3.2352  0.862E-02  0.131E-01   0.00       0.00       1.00       1.00    
    10.0000     7.8184     4.3510     3.2482  0.862E-02  0.131E-01   0.00       0.00       1.00       1.00    
    10.0000     7.8654     4.3635     3.2639  0.855E-02  0.131E-01   0.00       0.00       1.00       1.00    
    10.0000     7.9185     4.3807     3.2818  0.847E-02  0.131E-01   0.00       0.00       1.00       1.00    
    10.0000     7.9680     4.3954     3.2985  0.847E-02  0.131E-01   0.00       0.00       1.00       1.00    
    10.0000     8.0167     4.4086     3.3152  0.833E-02  0.130E-01   0.00       0.00       1.00       1.00    
    10.0000     8.0694     4.4249     3.3340  0.826E-02  0.129E-01   0.00       0.00       1.00       1.00    
    10.0000     8.1227     4.4407     3.3530  0.813E-02  0.128E-01   0.00       0.00       1.00       1.00    
    10.0000     8.1730     4.4549     3.3709  0.806E-02  0.126E-01   0.00       0.00       1.00       1.00    
    10.0000     8.2258     4.4767     3.3898  0.474E-02  0.746E-02   0.00       0.00       1.00       1.00    
    10.0000     8.2806     4.5052     3.4095  0.472E-02  0.741E-02   0.00       0.00       1.00       1.00    
    10.0000     8.3329     4.5324     3.4282  0.469E-02  0.741E-02   0.00       0.00       1.00       1.00    
    10.0000     8.3845     4.5583     3.4468  0.467E-02  0.735E-02   0.00       0.00       1.00       1.00    
    10.0000     8.4335     4.5840     3.4644  0.465E-02  0.735E-02   0.00       0.00       1.00       1.00    
    10.0000     8.4812     4.6077     3.4815  0.463E-02  0.730E-02   0.00       0.00       1.00       1.00    
    10.0000     8.5271     4.6302     3.4976  0.461E-02  0.730E-02   0.00       0.00       1.00       1.00    
    10.0000     8.5712     4.6517     3.5127  0.459E-02  0.725E-02   0.00       0.00       1.00       1.00    
    10.0000     8.6140     4.6725     3.5273  0.455E-02  0.725E-02   0.00       0.00       1.00       1.00    
    10.0000     8.6551     4.6924     3.5414  0.452E-02  0.719E-02   0.00       0.00       1.00       1.00    
    10.0000     8.6952     4.7117     3.5551  0.450E-02  0.714E-02   0.00       0.00       1.00       1.00    
    10.0000     8.7345     4.7305     3.5686  0.448E-02  0.714E-02   0.00       0.00       1.00       1.00    
    10.0000     8.7725     4.7488     3.5816  0.446E-02  0.709E-02   0.00       0.00       1.00       1.00    
    10.0000     8.8087     4.7657     3.5940  0.442E-02  0.704E-02   0.00       0.00       1.00       1.00    
    10.0000     8.8435     4.7821     3.6060  0.441E-02  0.704E-02   0.00       0.00       1.00       1.00    
    10.0000     8.8776     4.7982     3.6178  0.439E-02  0.699E-02   0.00       0.00       1.00       1.00    
    10.0000     8.9106     4.8137     3.6292  0.435E-02  0.694E-02   0.00       0.00       1.00       1.00    
    10.0000     8.9435     4.8290     3.6406  0.433E-02  0.690E-02   0.00       0.00       1.00       1.00    
    10.0000     8.9754     4.8442     3.6516  0.431E-02  0.690E-02   0.00       0.00       1.00       1.00    
    10.0000     9.0119     4.8615     3.6648  0.427E-02  0.685E-02   0.00       0.00       1.00       1.00    
    10.0000     9.3769     5.0911     3.8108  0.388E-02  0.613E-02   0.00       0.00       1.00       1.00    
    10.0000     9.4105     5.1123     3.8242  0.388E-02  0.613E-02   0.00       0.00       1.00       1.00    
    10.0000     9.4438     5.1336     3.8375  0.386E-02  0.610E-02   0.00       0.00       1.00       1.00    
    10.0000     9.4777     5.1546     3.8511  0.386E-02  0.610E-02   0.00       0.00       1.00       1.00    
    10.0000     9.5112     5.1758     3.8643  0.385E-02  0.606E-02   0.00       0.00       1.00       1.00    
    10.0000     9.5449     5.1970     3.8771  0.385E-02  0.606E-02   0.00       0.00       1.00       1.00    
    10.0000     9.5785     5.2181     3.8898  0.383E-02  0.606E-02   0.00       0.00       1.00       1.00    
    10.0000     9.6119     5.2394     3.9025  0.383E-02  0.602E-02   0.00       0.00       1.00       1.00    
    10.0000     9.6458     5.2604     3.9154  0.383E-02  0.602E-02   0.00       0.00       1.00       1.00    
    10.0000     9.6794     5.2816     3.9282  0.382E-02  0.599E-02   0.00       0.00       1.00       1.00    
    10.0000     9.7130     5.3029     3.9409  0.382E-02  0.599E-02   0.00       0.00       1.00       1.00    
    10.0000     9.7466     5.3242     3.9537  0.380E-02  0.599E-02   0.00       0.00       1.00       1.00    
    10.0000     9.7799     5.3454     3.9664  0.380E-02  0.595E-02   0.00       0.00       1.00       1.00    
    10.0000     9.8137     5.3669     3.9792  0.380E-02  0.595E-02   0.00       0.00       1.00       1.00    
    10.0000     9.8473     5.3883     3.9920  0.379E-02  0.592E-02   0.00       0.00       1.00       1.00    
    10.0000     9.8808     5.4094     4.0047  0.379E-02  0.592E-02   0.00       0.00       1.00       1.00    
     0.0000     9.9144     5.4306     4.0175  0.377E-02  0.592E-02   0.00       0.00       1.00       1.00    
