MODEL.01
 
ISOTROPIC
KGS
SPHERICAL EARTH
1-D
CONSTANT VELOCITY
LINE08
LINE09
LINE10
LINE11
      H(KM)   VP(KM/S)   VS(KM/S) RHO(GM/CC)     QP         QS       ETAP       ETAS      FREFP      FREFS    
     2.0000     5.7709     3.2187     2.6555  0.118E-02  0.167E-02   0.00       0.00       1.00       1.00    
     2.0000     6.3873     3.5629     2.8147  0.118E-02  0.167E-02   0.00       0.00       1.00       1.00    
     2.0000     6.5567     3.6571     2.8637  0.118E-02  0.167E-02   0.00       0.00       1.00       1.00    
     2.0000     6.3006     3.5145     2.7917  0.118E-02  0.167E-02   0.00       0.00       1.00       1.00    
     2.0000     6.3978     3.5687     2.8206  0.118E-02  0.167E-02   0.00       0.00       1.00       1.00    
     2.0000     6.1600     3.4362     2.7493  0.118E-02  0.167E-02   0.00       0.00       1.00       1.00    
     2.0000     6.2166     3.4676     2.7646  0.118E-02  0.167E-02   0.00       0.00       1.00       1.00    
     2.0000     6.3135     3.5216     2.7934  0.118E-02  0.167E-02   0.00       0.00       1.00       1.00    
     2.0000     6.4017     3.5707     2.8197  0.118E-02  0.167E-02   0.00       0.00       1.00       1.00    
     2.0000     6.4469     3.5957     2.8336  0.118E-02  0.167E-02   0.00       0.00       1.00       1.00    
     2.0000     6.6573     3.7134     2.8897  0.118E-02  0.167E-02   0.00       0.00       1.00       1.00    
     2.0000     6.6567     3.7129     2.8896  0.118E-02  0.167E-02   0.00       0.00       1.00       1.00    
     2.0000     6.6444     3.7062     2.8872  0.118E-02  0.167E-02   0.00       0.00       1.00       1.00    
     2.0000     6.6777     3.7248     2.8963  0.118E-02  0.167E-02   0.00       0.00       1.00       1.00    
     2.0000     7.2270     4.0313     3.0527  0.118E-02  0.167E-02   0.00       0.00       1.00       1.00    
     2.0000     7.9067     4.4103     3.2777  0.118E-02  0.167E-02   0.00       0.00       1.00       1.00    
     2.0000     7.9968     4.4605     3.3091  0.118E-02  0.167E-02   0.00       0.00       1.00       1.00    
     2.0000     7.9150     4.4149     3.2817  0.118E-02  0.167E-02   0.00       0.00       1.00       1.00    
     2.0000     7.9613     4.4406     3.2979  0.118E-02  0.167E-02   0.00       0.00       1.00       1.00    
     2.0000     8.0581     4.4947     3.3309  0.118E-02  0.167E-02   0.00       0.00       1.00       1.00    
     2.0000     7.8091     4.3555     3.2455  0.118E-02  0.167E-02   0.00       0.00       1.00       1.00    
     2.0000     7.6567     4.2709     3.1938  0.118E-02  0.167E-02   0.00       0.00       1.00       1.00    
     2.0000     7.7543     4.3253     3.2269  0.118E-02  0.167E-02   0.00       0.00       1.00       1.00    
     2.0000     7.8292     4.3669     3.2527  0.118E-02  0.167E-02   0.00       0.00       1.00       1.00    
     2.0000     7.7553     4.3260     3.2283  0.118E-02  0.167E-02   0.00       0.00       1.00       1.00    
     5.0000     7.7469     4.3210     3.2247  0.118E-02  0.167E-02   0.00       0.00       1.00       1.00    
     5.0000     7.8609     4.3854     3.2624  0.118E-02  0.167E-02   0.00       0.00       1.00       1.00    
     5.0000     7.8646     4.3882     3.2630  0.118E-02  0.167E-02   0.00       0.00       1.00       1.00    
     5.0000     7.6705     4.2810     3.1983  0.118E-02  0.167E-02   0.00       0.00       1.00       1.00    
     5.0000     7.5651     4.2228     3.1637  0.118E-02  0.167E-02   0.00       0.00       1.00       1.00    
     5.0000     7.6487     4.2619     3.1914  0.118E-02  0.167E-02   0.00       0.00       1.00       1.00    
     5.0000     7.6908     4.2950     3.2051  0.118E-02  0.167E-02   0.00       0.00       1.00       1.00    
     5.0000     7.6974     4.2993     3.2073  0.118E-02  0.167E-02   0.00       0.00       1.00       1.00    
     5.0000     7.6965     4.2976     3.2070  0.118E-02  0.167E-02   0.00       0.00       1.00       1.00    
     5.0000     7.7004     4.3026     3.2084  0.118E-02  0.167E-02   0.00       0.00       1.00       1.00    
    10.0000     7.7231     4.3133     3.2161  0.118E-02  0.167E-02   0.00       0.00       1.00       1.00    
    10.0000     7.7454     4.3296     3.2235  0.118E-02  0.167E-02   0.00       0.00       1.00       1.00    
    10.0000     7.7803     4.3427     3.2353  0.862E-02  0.131E-01   0.00       0.00       1.00       1.00    
    10.0000     7.8187     4.3512     3.2483  0.862E-02  0.131E-01   0.00       0.00       1.00       1.00    
    10.0000     7.8663     4.3640     3.2642  0.855E-02  0.131E-01   0.00       0.00       1.00       1.00    
    10.0000     7.9199     4.3815     3.2823  0.847E-02  0.131E-01   0.00       0.00       1.00       1.00    
    10.0000     7.9698     4.3964     3.2991  0.847E-02  0.131E-01   0.00       0.00       1.00       1.00    
    10.0000     8.0189     4.4098     3.3160  0.833E-02  0.130E-01   0.00       0.00       1.00       1.00    
    10.0000     8.0721     4.4264     3.3350  0.826E-02  0.129E-01   0.00       0.00       1.00       1.00    
    10.0000     8.1259     4.4424     3.3542  0.813E-02  0.128E-01   0.00       0.00       1.00       1.00    
    10.0000     8.1766     4.4569     3.3723  0.806E-02  0.126E-01   0.00       0.00       1.00       1.00    
    10.0000     8.2297     4.4788     3.3913  0.474E-02  0.746E-02   0.00       0.00       1.00       1.00    
    10.0000     8.2848     4.5075     3.4110  0.472E-02  0.741E-02   0.00       0.00       1.00       1.00    
    10.0000     8.3373     4.5348     3.4298  0.469E-02  0.741E-02   0.00       0.00       1.00       1.00    
    10.0000     8.3890     4.5607     3.4484  0.467E-02  0.735E-02   0.00       0.00       1.00       1.00    
    10.0000     8.4380     4.5865     3.4661  0.465E-02  0.735E-02   0.00       0.00       1.00       1.00    
    10.0000     8.4857     4.6102     3.4832  0.463E-02  0.730E-02   0.00       0.00       1.00       1.00    
    10.0000     8.5316     4.6326     3.4992  0.461E-02  0.730E-02   0.00       0.00       1.00       1.00    
    10.0000     8.5755     4.6541     3.5142  0.459E-02  0.725E-02   0.00       0.00       1.00       1.00    
    10.0000     8.6181     4.6748     3.5288  0.455E-02  0.725E-02   0.00       0.00       1.00       1.00    
    10.0000     8.6590     4.6945     3.5427  0.452E-02  0.719E-02   0.00       0.00       1.00       1.00    
    10.0000     8.6988     4.7137     3.5564  0.450E-02  0.714E-02   0.00       0.00       1.00       1.00    
    10.0000     8.7378     4.7323     3.5697  0.448E-02  0.714E-02   0.00       0.00       1.00       1.00    
    10.0000     8.7755     4.7504     3.5827  0.446E-02  0.709E-02   0.00       0.00       1.00       1.00    
    10.0000     8.8113     4.7671     3.5950  0.442E-02  0.704E-02   0.00       0.00       1.00       1.00    
    10.0000     8.8456     4.7833     3.6068  0.441E-02  0.704E-02   0.00       0.00       1.00       1.00    
    10.0000     8.8792     4.7991     3.6184  0.439E-02  0.699E-02   0.00       0.00       1.00       1.00    
    10.0000     8.9117     4.8143     3.6296  0.435E-02  0.694E-02   0.00       0.00       1.00       1.00    
    10.0000     8.9441     4.8293     3.6408  0.433E-02  0.690E-02   0.00       0.00       1.00       1.00    
    10.0000     8.9754     4.8442     3.6516  0.431E-02  0.690E-02   0.00       0.00       1.00       1.00    
    10.0000     9.0119     4.8615     3.6648  0.427E-02  0.685E-02   0.00       0.00       1.00       1.00    
    10.0000     9.3769     5.0911     3.8108  0.388E-02  0.613E-02   0.00       0.00       1.00       1.00    
    10.0000     9.4105     5.1123     3.8242  0.388E-02  0.613E-02   0.00       0.00       1.00       1.00    
    10.0000     9.4438     5.1336     3.8375  0.386E-02  0.610E-02   0.00       0.00       1.00       1.00    
    10.0000     9.4777     5.1546     3.8511  0.386E-02  0.610E-02   0.00       0.00       1.00       1.00    
    10.0000     9.5112     5.1758     3.8643  0.385E-02  0.606E-02   0.00       0.00       1.00       1.00    
    10.0000     9.5449     5.1970     3.8771  0.385E-02  0.606E-02   0.00       0.00       1.00       1.00    
    10.0000     9.5785     5.2181     3.8898  0.383E-02  0.606E-02   0.00       0.00       1.00       1.00    
    10.0000     9.6119     5.2394     3.9025  0.383E-02  0.602E-02   0.00       0.00       1.00       1.00    
    10.0000     9.6458     5.2604     3.9154  0.383E-02  0.602E-02   0.00       0.00       1.00       1.00    
    10.0000     9.6794     5.2816     3.9282  0.382E-02  0.599E-02   0.00       0.00       1.00       1.00    
    10.0000     9.7130     5.3029     3.9409  0.382E-02  0.599E-02   0.00       0.00       1.00       1.00    
    10.0000     9.7466     5.3242     3.9537  0.380E-02  0.599E-02   0.00       0.00       1.00       1.00    
    10.0000     9.7799     5.3454     3.9664  0.380E-02  0.595E-02   0.00       0.00       1.00       1.00    
    10.0000     9.8137     5.3669     3.9792  0.380E-02  0.595E-02   0.00       0.00       1.00       1.00    
    10.0000     9.8473     5.3883     3.9920  0.379E-02  0.592E-02   0.00       0.00       1.00       1.00    
    10.0000     9.8808     5.4094     4.0047  0.379E-02  0.592E-02   0.00       0.00       1.00       1.00    
     0.0000     9.9144     5.4306     4.0175  0.377E-02  0.592E-02   0.00       0.00       1.00       1.00    
