MODEL.01
 
ISOTROPIC
KGS
SPHERICAL EARTH
1-D
CONSTANT VELOCITY
LINE08
LINE09
LINE10
LINE11
      H(KM)   VP(KM/S)   VS(KM/S) RHO(GM/CC)     QP         QS       ETAP       ETAS      FREFP      FREFS    
     2.0000     5.9788     3.3347     2.7031  0.118E-02  0.167E-02   0.00       0.00       1.00       1.00    
     2.0000     6.3021     3.5152     2.7901  0.118E-02  0.167E-02   0.00       0.00       1.00       1.00    
     2.0000     6.4343     3.5888     2.8263  0.118E-02  0.167E-02   0.00       0.00       1.00       1.00    
     2.0000     6.3639     3.5497     2.8092  0.118E-02  0.167E-02   0.00       0.00       1.00       1.00    
     2.0000     6.4204     3.5812     2.8239  0.118E-02  0.167E-02   0.00       0.00       1.00       1.00    
     2.0000     6.2398     3.4806     2.7730  0.118E-02  0.167E-02   0.00       0.00       1.00       1.00    
     2.0000     6.2292     3.4745     2.7703  0.118E-02  0.167E-02   0.00       0.00       1.00       1.00    
     2.0000     6.3020     3.5152     2.7919  0.118E-02  0.167E-02   0.00       0.00       1.00       1.00    
     2.0000     6.3832     3.5604     2.8161  0.118E-02  0.167E-02   0.00       0.00       1.00       1.00    
     2.0000     6.4371     3.5904     2.8322  0.118E-02  0.167E-02   0.00       0.00       1.00       1.00    
     2.0000     6.5647     3.6617     2.8657  0.118E-02  0.167E-02   0.00       0.00       1.00       1.00    
     2.0000     6.5533     3.6552     2.8624  0.118E-02  0.167E-02   0.00       0.00       1.00       1.00    
     2.0000     6.5983     3.6805     2.8749  0.118E-02  0.167E-02   0.00       0.00       1.00       1.00    
     2.0000     6.7230     3.7499     2.9107  0.118E-02  0.167E-02   0.00       0.00       1.00       1.00    
     2.0000     7.2124     4.0231     3.0466  0.118E-02  0.167E-02   0.00       0.00       1.00       1.00    
     2.0000     7.8213     4.3626     3.2440  0.118E-02  0.167E-02   0.00       0.00       1.00       1.00    
     2.0000     7.9927     4.4581     3.3064  0.118E-02  0.167E-02   0.00       0.00       1.00       1.00    
     2.0000     7.9610     4.4404     3.2974  0.118E-02  0.167E-02   0.00       0.00       1.00       1.00    
     2.0000     7.9911     4.4573     3.3040  0.118E-02  0.167E-02   0.00       0.00       1.00       1.00    
     2.0000     7.9857     4.4543     3.2975  0.118E-02  0.167E-02   0.00       0.00       1.00       1.00    
     2.0000     7.7744     4.3363     3.2277  0.118E-02  0.167E-02   0.00       0.00       1.00       1.00    
     2.0000     7.6457     4.2648     3.1856  0.118E-02  0.167E-02   0.00       0.00       1.00       1.00    
     2.0000     7.7305     4.3119     3.2135  0.118E-02  0.167E-02   0.00       0.00       1.00       1.00    
     2.0000     7.8370     4.3711     3.2510  0.118E-02  0.167E-02   0.00       0.00       1.00       1.00    
     2.0000     7.8294     4.3671     3.2526  0.118E-02  0.167E-02   0.00       0.00       1.00       1.00    
     5.0000     7.7929     4.3467     3.2419  0.118E-02  0.167E-02   0.00       0.00       1.00       1.00    
     5.0000     7.8299     4.3682     3.2518  0.118E-02  0.167E-02   0.00       0.00       1.00       1.00    
     5.0000     7.8056     4.3554     3.2428  0.118E-02  0.167E-02   0.00       0.00       1.00       1.00    
     5.0000     7.7048     4.3000     3.2118  0.118E-02  0.167E-02   0.00       0.00       1.00       1.00    
     5.0000     7.6620     4.2770     3.1988  0.118E-02  0.167E-02   0.00       0.00       1.00       1.00    
     5.0000     7.7037     4.2925     3.2119  0.118E-02  0.167E-02   0.00       0.00       1.00       1.00    
     5.0000     7.7168     4.3095     3.2158  0.118E-02  0.167E-02   0.00       0.00       1.00       1.00    
     5.0000     7.7233     4.3137     3.2181  0.118E-02  0.167E-02   0.00       0.00       1.00       1.00    
     5.0000     7.7250     4.3137     3.2187  0.118E-02  0.167E-02   0.00       0.00       1.00       1.00    
     5.0000     7.7310     4.3197     3.2208  0.118E-02  0.167E-02   0.00       0.00       1.00       1.00    
    10.0000     7.7498     4.3281     3.2270  0.118E-02  0.167E-02   0.00       0.00       1.00       1.00    
    10.0000     7.7596     4.3376     3.2300  0.118E-02  0.167E-02   0.00       0.00       1.00       1.00    
    10.0000     7.7866     4.3463     3.2388  0.862E-02  0.131E-01   0.00       0.00       1.00       1.00    
    10.0000     7.8186     4.3511     3.2494  0.862E-02  0.131E-01   0.00       0.00       1.00       1.00    
    10.0000     7.8543     4.3571     3.2612  0.855E-02  0.131E-01   0.00       0.00       1.00       1.00    
    10.0000     7.8963     4.3684     3.2752  0.847E-02  0.131E-01   0.00       0.00       1.00       1.00    
    10.0000     7.9371     4.3782     3.2888  0.847E-02  0.131E-01   0.00       0.00       1.00       1.00    
    10.0000     7.9780     4.3874     3.3024  0.833E-02  0.130E-01   0.00       0.00       1.00       1.00    
    10.0000     8.0208     4.3983     3.3171  0.826E-02  0.129E-01   0.00       0.00       1.00       1.00    
    10.0000     8.0647     4.4091     3.3325  0.813E-02  0.128E-01   0.00       0.00       1.00       1.00    
    10.0000     8.1072     4.4193     3.3475  0.806E-02  0.126E-01   0.00       0.00       1.00       1.00    
    10.0000     8.1538     4.4375     3.3641  0.474E-02  0.746E-02   0.00       0.00       1.00       1.00    
    10.0000     8.2040     4.4635     3.3820  0.472E-02  0.741E-02   0.00       0.00       1.00       1.00    
    10.0000     8.2532     4.4889     3.3995  0.469E-02  0.741E-02   0.00       0.00       1.00       1.00    
    10.0000     8.3024     4.5138     3.4171  0.467E-02  0.735E-02   0.00       0.00       1.00       1.00    
    10.0000     8.3506     4.5388     3.4344  0.465E-02  0.735E-02   0.00       0.00       1.00       1.00    
    10.0000     8.3984     4.5626     3.4516  0.463E-02  0.730E-02   0.00       0.00       1.00       1.00    
    10.0000     8.4457     4.5859     3.4686  0.461E-02  0.730E-02   0.00       0.00       1.00       1.00    
    10.0000     8.4922     4.6087     3.4854  0.459E-02  0.725E-02   0.00       0.00       1.00       1.00    
    10.0000     8.5383     4.6314     3.5014  0.455E-02  0.725E-02   0.00       0.00       1.00       1.00    
    10.0000     8.5837     4.6537     3.5169  0.452E-02  0.719E-02   0.00       0.00       1.00       1.00    
    10.0000     8.6291     4.6758     3.5324  0.450E-02  0.714E-02   0.00       0.00       1.00       1.00    
    10.0000     8.6739     4.6975     3.5477  0.448E-02  0.714E-02   0.00       0.00       1.00       1.00    
    10.0000     8.7181     4.7193     3.5629  0.446E-02  0.709E-02   0.00       0.00       1.00       1.00    
    10.0000     8.7619     4.7404     3.5780  0.442E-02  0.704E-02   0.00       0.00       1.00       1.00    
    10.0000     8.8052     4.7614     3.5929  0.441E-02  0.704E-02   0.00       0.00       1.00       1.00    
    10.0000     8.8481     4.7822     3.6077  0.439E-02  0.699E-02   0.00       0.00       1.00       1.00    
    10.0000     8.8907     4.8030     3.6224  0.435E-02  0.694E-02   0.00       0.00       1.00       1.00    
    10.0000     8.9332     4.8235     3.6371  0.433E-02  0.690E-02   0.00       0.00       1.00       1.00    
    10.0000     8.9754     4.8442     3.6516  0.431E-02  0.690E-02   0.00       0.00       1.00       1.00    
    10.0000     9.0119     4.8615     3.6648  0.427E-02  0.685E-02   0.00       0.00       1.00       1.00    
    10.0000     9.3769     5.0911     3.8108  0.388E-02  0.613E-02   0.00       0.00       1.00       1.00    
    10.0000     9.4105     5.1123     3.8242  0.388E-02  0.613E-02   0.00       0.00       1.00       1.00    
    10.0000     9.4438     5.1336     3.8375  0.386E-02  0.610E-02   0.00       0.00       1.00       1.00    
    10.0000     9.4777     5.1546     3.8511  0.386E-02  0.610E-02   0.00       0.00       1.00       1.00    
    10.0000     9.5112     5.1758     3.8643  0.385E-02  0.606E-02   0.00       0.00       1.00       1.00    
    10.0000     9.5449     5.1970     3.8771  0.385E-02  0.606E-02   0.00       0.00       1.00       1.00    
    10.0000     9.5785     5.2181     3.8898  0.383E-02  0.606E-02   0.00       0.00       1.00       1.00    
    10.0000     9.6119     5.2394     3.9025  0.383E-02  0.602E-02   0.00       0.00       1.00       1.00    
    10.0000     9.6458     5.2604     3.9154  0.383E-02  0.602E-02   0.00       0.00       1.00       1.00    
    10.0000     9.6794     5.2816     3.9282  0.382E-02  0.599E-02   0.00       0.00       1.00       1.00    
    10.0000     9.7130     5.3029     3.9409  0.382E-02  0.599E-02   0.00       0.00       1.00       1.00    
    10.0000     9.7466     5.3242     3.9537  0.380E-02  0.599E-02   0.00       0.00       1.00       1.00    
    10.0000     9.7799     5.3454     3.9664  0.380E-02  0.595E-02   0.00       0.00       1.00       1.00    
    10.0000     9.8137     5.3669     3.9792  0.380E-02  0.595E-02   0.00       0.00       1.00       1.00    
    10.0000     9.8473     5.3883     3.9920  0.379E-02  0.592E-02   0.00       0.00       1.00       1.00    
    10.0000     9.8808     5.4094     4.0047  0.379E-02  0.592E-02   0.00       0.00       1.00       1.00    
     0.0000     9.9144     5.4306     4.0175  0.377E-02  0.592E-02   0.00       0.00       1.00       1.00    
