MODEL.01
 
ISOTROPIC
KGS
SPHERICAL EARTH
1-D
CONSTANT VELOCITY
LINE08
LINE09
LINE10
LINE11
      H(KM)   VP(KM/S)   VS(KM/S) RHO(GM/CC)     QP         QS       ETAP       ETAS      FREFP      FREFS    
     2.0000     5.9530     3.3203     2.6958  0.118E-02  0.167E-02   0.00       0.00       1.00       1.00    
     2.0000     6.3066     3.5177     2.7906  0.118E-02  0.167E-02   0.00       0.00       1.00       1.00    
     2.0000     6.4479     3.5964     2.8303  0.118E-02  0.167E-02   0.00       0.00       1.00       1.00    
     2.0000     6.3641     3.5498     2.8092  0.118E-02  0.167E-02   0.00       0.00       1.00       1.00    
     2.0000     6.4270     3.5849     2.8261  0.118E-02  0.167E-02   0.00       0.00       1.00       1.00    
     2.0000     6.2365     3.4788     2.7719  0.118E-02  0.167E-02   0.00       0.00       1.00       1.00    
     2.0000     6.2256     3.4725     2.7688  0.118E-02  0.167E-02   0.00       0.00       1.00       1.00    
     2.0000     6.3000     3.5141     2.7906  0.118E-02  0.167E-02   0.00       0.00       1.00       1.00    
     2.0000     6.3818     3.5596     2.8150  0.118E-02  0.167E-02   0.00       0.00       1.00       1.00    
     2.0000     6.4361     3.5898     2.8311  0.118E-02  0.167E-02   0.00       0.00       1.00       1.00    
     2.0000     6.5710     3.6652     2.8668  0.118E-02  0.167E-02   0.00       0.00       1.00       1.00    
     2.0000     6.5599     3.6589     2.8639  0.118E-02  0.167E-02   0.00       0.00       1.00       1.00    
     2.0000     6.6001     3.6815     2.8756  0.118E-02  0.167E-02   0.00       0.00       1.00       1.00    
     2.0000     6.7125     3.7441     2.9080  0.118E-02  0.167E-02   0.00       0.00       1.00       1.00    
     2.0000     7.2143     4.0242     3.0480  0.118E-02  0.167E-02   0.00       0.00       1.00       1.00    
     2.0000     7.8334     4.3694     3.2492  0.118E-02  0.167E-02   0.00       0.00       1.00       1.00    
     2.0000     7.9944     4.4591     3.3075  0.118E-02  0.167E-02   0.00       0.00       1.00       1.00    
     2.0000     7.9572     4.4383     3.2967  0.118E-02  0.167E-02   0.00       0.00       1.00       1.00    
     2.0000     7.9943     4.4591     3.3070  0.118E-02  0.167E-02   0.00       0.00       1.00       1.00    
     2.0000     8.0002     4.4624     3.3051  0.118E-02  0.167E-02   0.00       0.00       1.00       1.00    
     2.0000     7.7827     4.3409     3.2333  0.118E-02  0.167E-02   0.00       0.00       1.00       1.00    
     2.0000     7.6494     4.2668     3.1895  0.118E-02  0.167E-02   0.00       0.00       1.00       1.00    
     2.0000     7.7367     4.3153     3.2184  0.118E-02  0.167E-02   0.00       0.00       1.00       1.00    
     2.0000     7.8412     4.3735     3.2546  0.118E-02  0.167E-02   0.00       0.00       1.00       1.00    
     2.0000     7.8257     4.3650     3.2520  0.118E-02  0.167E-02   0.00       0.00       1.00       1.00    
     5.0000     7.7881     4.3440     3.2396  0.118E-02  0.167E-02   0.00       0.00       1.00       1.00    
     5.0000     7.8333     4.3701     3.2522  0.118E-02  0.167E-02   0.00       0.00       1.00       1.00    
     5.0000     7.8106     4.3582     3.2439  0.118E-02  0.167E-02   0.00       0.00       1.00       1.00    
     5.0000     7.7007     4.2977     3.2096  0.118E-02  0.167E-02   0.00       0.00       1.00       1.00    
     5.0000     7.6532     4.2721     3.1951  0.118E-02  0.167E-02   0.00       0.00       1.00       1.00    
     5.0000     7.6979     4.2893     3.2093  0.118E-02  0.167E-02   0.00       0.00       1.00       1.00    
     5.0000     7.7128     4.3072     3.2137  0.118E-02  0.167E-02   0.00       0.00       1.00       1.00    
     5.0000     7.7189     4.3113     3.2159  0.118E-02  0.167E-02   0.00       0.00       1.00       1.00    
     5.0000     7.7204     4.3111     3.2165  0.118E-02  0.167E-02   0.00       0.00       1.00       1.00    
     5.0000     7.7263     4.3171     3.2185  0.118E-02  0.167E-02   0.00       0.00       1.00       1.00    
    10.0000     7.7456     4.3258     3.2249  0.118E-02  0.167E-02   0.00       0.00       1.00       1.00    
    10.0000     7.7565     4.3359     3.2283  0.118E-02  0.167E-02   0.00       0.00       1.00       1.00    
    10.0000     7.7844     4.3451     3.2374  0.862E-02  0.131E-01   0.00       0.00       1.00       1.00    
    10.0000     7.8170     4.3502     3.2483  0.862E-02  0.131E-01   0.00       0.00       1.00       1.00    
    10.0000     7.8536     4.3567     3.2605  0.855E-02  0.131E-01   0.00       0.00       1.00       1.00    
    10.0000     7.8966     4.3686     3.2747  0.847E-02  0.131E-01   0.00       0.00       1.00       1.00    
    10.0000     7.9381     4.3788     3.2886  0.847E-02  0.131E-01   0.00       0.00       1.00       1.00    
    10.0000     7.9797     4.3884     3.3025  0.833E-02  0.130E-01   0.00       0.00       1.00       1.00    
    10.0000     8.0234     4.3997     3.3175  0.826E-02  0.129E-01   0.00       0.00       1.00       1.00    
    10.0000     8.0681     4.4110     3.3333  0.813E-02  0.128E-01   0.00       0.00       1.00       1.00    
    10.0000     8.1113     4.4215     3.3486  0.806E-02  0.126E-01   0.00       0.00       1.00       1.00    
    10.0000     8.1585     4.4401     3.3654  0.474E-02  0.746E-02   0.00       0.00       1.00       1.00    
    10.0000     8.2091     4.4663     3.3834  0.472E-02  0.741E-02   0.00       0.00       1.00       1.00    
    10.0000     8.2587     4.4919     3.4012  0.469E-02  0.741E-02   0.00       0.00       1.00       1.00    
    10.0000     8.3081     4.5169     3.4189  0.467E-02  0.735E-02   0.00       0.00       1.00       1.00    
    10.0000     8.3564     4.5420     3.4362  0.465E-02  0.735E-02   0.00       0.00       1.00       1.00    
    10.0000     8.4043     4.5658     3.4534  0.463E-02  0.730E-02   0.00       0.00       1.00       1.00    
    10.0000     8.4515     4.5891     3.4705  0.461E-02  0.730E-02   0.00       0.00       1.00       1.00    
    10.0000     8.4979     4.6118     3.4872  0.459E-02  0.725E-02   0.00       0.00       1.00       1.00    
    10.0000     8.5438     4.6344     3.5030  0.455E-02  0.725E-02   0.00       0.00       1.00       1.00    
    10.0000     8.5889     4.6565     3.5185  0.452E-02  0.719E-02   0.00       0.00       1.00       1.00    
    10.0000     8.6339     4.6784     3.5339  0.450E-02  0.714E-02   0.00       0.00       1.00       1.00    
    10.0000     8.6783     4.6999     3.5491  0.448E-02  0.714E-02   0.00       0.00       1.00       1.00    
    10.0000     8.7221     4.7215     3.5642  0.446E-02  0.709E-02   0.00       0.00       1.00       1.00    
    10.0000     8.7653     4.7423     3.5790  0.442E-02  0.704E-02   0.00       0.00       1.00       1.00    
    10.0000     8.8080     4.7629     3.5938  0.441E-02  0.704E-02   0.00       0.00       1.00       1.00    
    10.0000     8.8503     4.7834     3.6084  0.439E-02  0.699E-02   0.00       0.00       1.00       1.00    
    10.0000     8.8922     4.8038     3.6228  0.435E-02  0.694E-02   0.00       0.00       1.00       1.00    
    10.0000     8.9340     4.8239     3.6373  0.433E-02  0.690E-02   0.00       0.00       1.00       1.00    
    10.0000     8.9754     4.8442     3.6516  0.431E-02  0.690E-02   0.00       0.00       1.00       1.00    
    10.0000     9.0119     4.8615     3.6648  0.427E-02  0.685E-02   0.00       0.00       1.00       1.00    
    10.0000     9.3769     5.0911     3.8108  0.388E-02  0.613E-02   0.00       0.00       1.00       1.00    
    10.0000     9.4105     5.1123     3.8242  0.388E-02  0.613E-02   0.00       0.00       1.00       1.00    
    10.0000     9.4438     5.1336     3.8375  0.386E-02  0.610E-02   0.00       0.00       1.00       1.00    
    10.0000     9.4777     5.1546     3.8511  0.386E-02  0.610E-02   0.00       0.00       1.00       1.00    
    10.0000     9.5112     5.1758     3.8643  0.385E-02  0.606E-02   0.00       0.00       1.00       1.00    
    10.0000     9.5449     5.1970     3.8771  0.385E-02  0.606E-02   0.00       0.00       1.00       1.00    
    10.0000     9.5785     5.2181     3.8898  0.383E-02  0.606E-02   0.00       0.00       1.00       1.00    
    10.0000     9.6119     5.2394     3.9025  0.383E-02  0.602E-02   0.00       0.00       1.00       1.00    
    10.0000     9.6458     5.2604     3.9154  0.383E-02  0.602E-02   0.00       0.00       1.00       1.00    
    10.0000     9.6794     5.2816     3.9282  0.382E-02  0.599E-02   0.00       0.00       1.00       1.00    
    10.0000     9.7130     5.3029     3.9409  0.382E-02  0.599E-02   0.00       0.00       1.00       1.00    
    10.0000     9.7466     5.3242     3.9537  0.380E-02  0.599E-02   0.00       0.00       1.00       1.00    
    10.0000     9.7799     5.3454     3.9664  0.380E-02  0.595E-02   0.00       0.00       1.00       1.00    
    10.0000     9.8137     5.3669     3.9792  0.380E-02  0.595E-02   0.00       0.00       1.00       1.00    
    10.0000     9.8473     5.3883     3.9920  0.379E-02  0.592E-02   0.00       0.00       1.00       1.00    
    10.0000     9.8808     5.4094     4.0047  0.379E-02  0.592E-02   0.00       0.00       1.00       1.00    
     0.0000     9.9144     5.4306     4.0175  0.377E-02  0.592E-02   0.00       0.00       1.00       1.00    
