MODEL.01
 
ISOTROPIC
KGS
SPHERICAL EARTH
1-D
CONSTANT VELOCITY
LINE08
LINE09
LINE10
LINE11
      H(KM)   VP(KM/S)   VS(KM/S) RHO(GM/CC)     QP         QS       ETAP       ETAS      FREFP      FREFS    
     2.0000     6.4460     3.5954     2.7981  0.118E-02  0.167E-02   0.00       0.00       1.00       1.00    
     2.0000     6.4626     3.6046     2.8014  0.118E-02  0.167E-02   0.00       0.00       1.00       1.00    
     2.0000     6.4768     3.6126     2.8048  0.118E-02  0.167E-02   0.00       0.00       1.00       1.00    
     2.0000     6.4841     3.6167     2.8073  0.118E-02  0.167E-02   0.00       0.00       1.00       1.00    
     2.0000     6.4966     3.6237     2.8083  0.118E-02  0.167E-02   0.00       0.00       1.00       1.00    
     2.0000     6.5143     3.6336     2.8111  0.118E-02  0.167E-02   0.00       0.00       1.00       1.00    
     2.0000     6.5326     3.6437     2.8160  0.118E-02  0.167E-02   0.00       0.00       1.00       1.00    
     2.0000     6.5525     3.6548     2.8197  0.118E-02  0.167E-02   0.00       0.00       1.00       1.00    
     2.0000     6.5781     3.6691     2.8238  0.118E-02  0.167E-02   0.00       0.00       1.00       1.00    
     2.0000     6.6096     3.6867     2.8301  0.118E-02  0.167E-02   0.00       0.00       1.00       1.00    
     2.0000     6.6643     3.7172     2.8436  0.118E-02  0.167E-02   0.00       0.00       1.00       1.00    
     2.0000     6.7200     3.7482     2.8579  0.118E-02  0.167E-02   0.00       0.00       1.00       1.00    
     2.0000     6.7950     3.7901     2.8729  0.118E-02  0.167E-02   0.00       0.00       1.00       1.00    
     2.0000     6.8916     3.8440     2.8891  0.118E-02  0.167E-02   0.00       0.00       1.00       1.00    
     2.0000     7.0133     3.9119     2.9072  0.118E-02  0.167E-02   0.00       0.00       1.00       1.00    
     2.0000     7.1488     3.9875     2.9307  0.118E-02  0.167E-02   0.00       0.00       1.00       1.00    
     2.0000     7.2719     4.0560     2.9593  0.118E-02  0.167E-02   0.00       0.00       1.00       1.00    
     2.0000     7.3851     4.1192     2.9942  0.118E-02  0.167E-02   0.00       0.00       1.00       1.00    
     2.0000     7.4923     4.1790     3.0375  0.118E-02  0.167E-02   0.00       0.00       1.00       1.00    
     2.0000     7.5821     4.2291     3.0796  0.118E-02  0.167E-02   0.00       0.00       1.00       1.00    
     2.0000     7.6473     4.2654     3.1148  0.118E-02  0.167E-02   0.00       0.00       1.00       1.00    
     2.0000     7.6993     4.2945     3.1436  0.118E-02  0.167E-02   0.00       0.00       1.00       1.00    
     2.0000     7.7474     4.3213     3.1703  0.118E-02  0.167E-02   0.00       0.00       1.00       1.00    
     2.0000     7.7879     4.3438     3.1937  0.118E-02  0.167E-02   0.00       0.00       1.00       1.00    
     2.0000     7.8202     4.3619     3.2142  0.118E-02  0.167E-02   0.00       0.00       1.00       1.00    
     5.0000     7.8463     4.3765     3.2305  0.118E-02  0.167E-02   0.00       0.00       1.00       1.00    
     5.0000     7.8867     4.3999     3.2507  0.118E-02  0.167E-02   0.00       0.00       1.00       1.00    
     5.0000     7.9197     4.4192     3.2681  0.118E-02  0.167E-02   0.00       0.00       1.00       1.00    
     5.0000     7.9427     4.4328     3.2813  0.118E-02  0.167E-02   0.00       0.00       1.00       1.00    
     5.0000     7.9581     4.4422     3.2903  0.118E-02  0.167E-02   0.00       0.00       1.00       1.00    
     5.0000     7.9825     4.4478     3.3007  0.118E-02  0.167E-02   0.00       0.00       1.00       1.00    
     5.0000     7.9777     4.4551     3.3002  0.118E-02  0.167E-02   0.00       0.00       1.00       1.00    
     5.0000     7.9825     4.4586     3.3022  0.118E-02  0.167E-02   0.00       0.00       1.00       1.00    
     5.0000     7.9843     4.4586     3.3029  0.118E-02  0.167E-02   0.00       0.00       1.00       1.00    
     5.0000     7.9863     4.4624     3.3036  0.118E-02  0.167E-02   0.00       0.00       1.00       1.00    
    10.0000     7.9956     4.4653     3.3068  0.118E-02  0.167E-02   0.00       0.00       1.00       1.00    
    10.0000     7.9924     4.4678     3.3057  0.118E-02  0.167E-02   0.00       0.00       1.00       1.00    
    10.0000     8.0111     4.4715     3.3123  0.862E-02  0.131E-01   0.00       0.00       1.00       1.00    
    10.0000     8.0399     4.4741     3.3229  0.862E-02  0.131E-01   0.00       0.00       1.00       1.00    
    10.0000     8.0681     4.4757     3.3332  0.855E-02  0.131E-01   0.00       0.00       1.00       1.00    
    10.0000     8.0970     4.4794     3.3437  0.847E-02  0.131E-01   0.00       0.00       1.00       1.00    
    10.0000     8.1268     4.4829     3.3544  0.847E-02  0.131E-01   0.00       0.00       1.00       1.00    
    10.0000     8.1563     4.4854     3.3651  0.833E-02  0.130E-01   0.00       0.00       1.00       1.00    
    10.0000     8.1858     4.4886     3.3758  0.826E-02  0.129E-01   0.00       0.00       1.00       1.00    
    10.0000     8.2162     4.4919     3.3868  0.813E-02  0.128E-01   0.00       0.00       1.00       1.00    
    10.0000     8.2461     4.4950     3.3976  0.806E-02  0.126E-01   0.00       0.00       1.00       1.00    
    10.0000     8.2803     4.5065     3.4099  0.474E-02  0.746E-02   0.00       0.00       1.00       1.00    
    10.0000     8.3188     4.5259     3.4238  0.472E-02  0.741E-02   0.00       0.00       1.00       1.00    
    10.0000     8.3571     4.5453     3.4376  0.469E-02  0.741E-02   0.00       0.00       1.00       1.00    
    10.0000     8.3958     4.5646     3.4516  0.467E-02  0.735E-02   0.00       0.00       1.00       1.00    
    10.0000     8.4342     4.5841     3.4655  0.465E-02  0.735E-02   0.00       0.00       1.00       1.00    
    10.0000     8.4728     4.6030     3.4794  0.463E-02  0.730E-02   0.00       0.00       1.00       1.00    
    10.0000     8.5115     4.6217     3.4932  0.461E-02  0.730E-02   0.00       0.00       1.00       1.00    
    10.0000     8.5502     4.6401     3.5064  0.459E-02  0.725E-02   0.00       0.00       1.00       1.00    
    10.0000     8.5890     4.6589     3.5196  0.455E-02  0.725E-02   0.00       0.00       1.00       1.00    
    10.0000     8.6276     4.6773     3.5328  0.452E-02  0.719E-02   0.00       0.00       1.00       1.00    
    10.0000     8.6664     4.6960     3.5461  0.450E-02  0.714E-02   0.00       0.00       1.00       1.00    
    10.0000     8.7050     4.7144     3.5593  0.448E-02  0.714E-02   0.00       0.00       1.00       1.00    
    10.0000     8.7436     4.7330     3.5725  0.446E-02  0.709E-02   0.00       0.00       1.00       1.00    
    10.0000     8.7822     4.7514     3.5856  0.442E-02  0.704E-02   0.00       0.00       1.00       1.00    
    10.0000     8.8209     4.7700     3.5988  0.441E-02  0.704E-02   0.00       0.00       1.00       1.00    
    10.0000     8.8596     4.7884     3.6121  0.439E-02  0.699E-02   0.00       0.00       1.00       1.00    
    10.0000     8.8982     4.8071     3.6253  0.435E-02  0.694E-02   0.00       0.00       1.00       1.00    
    10.0000     8.9368     4.8255     3.6384  0.433E-02  0.690E-02   0.00       0.00       1.00       1.00    
    10.0000     8.9754     4.8442     3.6516  0.431E-02  0.690E-02   0.00       0.00       1.00       1.00    
    10.0000     9.0119     4.8615     3.6648  0.427E-02  0.685E-02   0.00       0.00       1.00       1.00    
    10.0000     9.3769     5.0911     3.8108  0.388E-02  0.613E-02   0.00       0.00       1.00       1.00    
    10.0000     9.4105     5.1123     3.8242  0.388E-02  0.613E-02   0.00       0.00       1.00       1.00    
    10.0000     9.4438     5.1336     3.8375  0.386E-02  0.610E-02   0.00       0.00       1.00       1.00    
    10.0000     9.4777     5.1546     3.8511  0.386E-02  0.610E-02   0.00       0.00       1.00       1.00    
    10.0000     9.5112     5.1758     3.8643  0.385E-02  0.606E-02   0.00       0.00       1.00       1.00    
    10.0000     9.5449     5.1970     3.8771  0.385E-02  0.606E-02   0.00       0.00       1.00       1.00    
    10.0000     9.5785     5.2181     3.8898  0.383E-02  0.606E-02   0.00       0.00       1.00       1.00    
    10.0000     9.6119     5.2394     3.9025  0.383E-02  0.602E-02   0.00       0.00       1.00       1.00    
    10.0000     9.6458     5.2604     3.9154  0.383E-02  0.602E-02   0.00       0.00       1.00       1.00    
    10.0000     9.6794     5.2816     3.9282  0.382E-02  0.599E-02   0.00       0.00       1.00       1.00    
    10.0000     9.7130     5.3029     3.9409  0.382E-02  0.599E-02   0.00       0.00       1.00       1.00    
    10.0000     9.7466     5.3242     3.9537  0.380E-02  0.599E-02   0.00       0.00       1.00       1.00    
    10.0000     9.7799     5.3454     3.9664  0.380E-02  0.595E-02   0.00       0.00       1.00       1.00    
    10.0000     9.8137     5.3669     3.9792  0.380E-02  0.595E-02   0.00       0.00       1.00       1.00    
    10.0000     9.8473     5.3883     3.9920  0.379E-02  0.592E-02   0.00       0.00       1.00       1.00    
    10.0000     9.8808     5.4094     4.0047  0.379E-02  0.592E-02   0.00       0.00       1.00       1.00    
     0.0000     9.9144     5.4306     4.0175  0.377E-02  0.592E-02   0.00       0.00       1.00       1.00    
