MODEL.01
 
ISOTROPIC
KGS
SPHERICAL EARTH
1-D
CONSTANT VELOCITY
LINE08
LINE09
LINE10
LINE11
      H(KM)   VP(KM/S)   VS(KM/S) RHO(GM/CC)     QP         QS       ETAP       ETAS      FREFP      FREFS    
     2.0000     6.0104     3.3523     2.7144  0.118E-02  0.167E-02   0.00       0.00       1.00       1.00    
     2.0000     6.3004     3.5142     2.7908  0.118E-02  0.167E-02   0.00       0.00       1.00       1.00    
     2.0000     6.4210     3.5814     2.8232  0.118E-02  0.167E-02   0.00       0.00       1.00       1.00    
     2.0000     6.3640     3.5497     2.8104  0.118E-02  0.167E-02   0.00       0.00       1.00       1.00    
     2.0000     6.4130     3.5771     2.8230  0.118E-02  0.167E-02   0.00       0.00       1.00       1.00    
     2.0000     6.2432     3.4825     2.7758  0.118E-02  0.167E-02   0.00       0.00       1.00       1.00    
     2.0000     6.2343     3.4773     2.7740  0.118E-02  0.167E-02   0.00       0.00       1.00       1.00    
     2.0000     6.3063     3.5176     2.7958  0.118E-02  0.167E-02   0.00       0.00       1.00       1.00    
     2.0000     6.3870     3.5625     2.8200  0.118E-02  0.167E-02   0.00       0.00       1.00       1.00    
     2.0000     6.4406     3.5924     2.8357  0.118E-02  0.167E-02   0.00       0.00       1.00       1.00    
     2.0000     6.5602     3.6592     2.8650  0.118E-02  0.167E-02   0.00       0.00       1.00       1.00    
     2.0000     6.5477     3.6520     2.8592  0.118E-02  0.167E-02   0.00       0.00       1.00       1.00    
     2.0000     6.5957     3.6790     2.8705  0.118E-02  0.167E-02   0.00       0.00       1.00       1.00    
     2.0000     6.7333     3.7557     2.9098  0.118E-02  0.167E-02   0.00       0.00       1.00       1.00    
     2.0000     7.2082     4.0208     3.0423  0.118E-02  0.167E-02   0.00       0.00       1.00       1.00    
     2.0000     7.8059     4.3540     3.2377  0.118E-02  0.167E-02   0.00       0.00       1.00       1.00    
     2.0000     7.9893     4.4562     3.3065  0.118E-02  0.167E-02   0.00       0.00       1.00       1.00    
     2.0000     7.9628     4.4414     3.2998  0.118E-02  0.167E-02   0.00       0.00       1.00       1.00    
     2.0000     7.9825     4.4525     3.3012  0.118E-02  0.167E-02   0.00       0.00       1.00       1.00    
     2.0000     7.9631     4.4417     3.2874  0.118E-02  0.167E-02   0.00       0.00       1.00       1.00    
     2.0000     7.7579     4.3271     3.2177  0.118E-02  0.167E-02   0.00       0.00       1.00       1.00    
     2.0000     7.6341     4.2583     3.1756  0.118E-02  0.167E-02   0.00       0.00       1.00       1.00    
     2.0000     7.7163     4.3040     3.2013  0.118E-02  0.167E-02   0.00       0.00       1.00       1.00    
     2.0000     7.8265     4.3653     3.2403  0.118E-02  0.167E-02   0.00       0.00       1.00       1.00    
     2.0000     7.8311     4.3680     3.2482  0.118E-02  0.167E-02   0.00       0.00       1.00       1.00    
     5.0000     7.7998     4.3506     3.2422  0.118E-02  0.167E-02   0.00       0.00       1.00       1.00    
     5.0000     7.8287     4.3675     3.2505  0.118E-02  0.167E-02   0.00       0.00       1.00       1.00    
     5.0000     7.8025     4.3537     3.2413  0.118E-02  0.167E-02   0.00       0.00       1.00       1.00    
     5.0000     7.7111     4.3035     3.2135  0.118E-02  0.167E-02   0.00       0.00       1.00       1.00    
     5.0000     7.6729     4.2831     3.2020  0.118E-02  0.167E-02   0.00       0.00       1.00       1.00    
     5.0000     7.7115     4.2969     3.2141  0.118E-02  0.167E-02   0.00       0.00       1.00       1.00    
     5.0000     7.7228     4.3128     3.2174  0.118E-02  0.167E-02   0.00       0.00       1.00       1.00    
     5.0000     7.7296     4.3172     3.2199  0.118E-02  0.167E-02   0.00       0.00       1.00       1.00    
     5.0000     7.7316     4.3174     3.2207  0.118E-02  0.167E-02   0.00       0.00       1.00       1.00    
     5.0000     7.7376     4.3234     3.2228  0.118E-02  0.167E-02   0.00       0.00       1.00       1.00    
    10.0000     7.7559     4.3315     3.2288  0.118E-02  0.167E-02   0.00       0.00       1.00       1.00    
    10.0000     7.7646     4.3404     3.2315  0.118E-02  0.167E-02   0.00       0.00       1.00       1.00    
    10.0000     7.7906     4.3485     3.2400  0.862E-02  0.131E-01   0.00       0.00       1.00       1.00    
    10.0000     7.8219     4.3529     3.2503  0.862E-02  0.131E-01   0.00       0.00       1.00       1.00    
    10.0000     7.8565     4.3583     3.2617  0.855E-02  0.131E-01   0.00       0.00       1.00       1.00    
    10.0000     7.8975     4.3691     3.2753  0.847E-02  0.131E-01   0.00       0.00       1.00       1.00    
    10.0000     7.9376     4.3785     3.2887  0.847E-02  0.131E-01   0.00       0.00       1.00       1.00    
    10.0000     7.9777     4.3872     3.3021  0.833E-02  0.130E-01   0.00       0.00       1.00       1.00    
    10.0000     8.0196     4.3976     3.3164  0.826E-02  0.129E-01   0.00       0.00       1.00       1.00    
    10.0000     8.0626     4.4079     3.3316  0.813E-02  0.128E-01   0.00       0.00       1.00       1.00    
    10.0000     8.1043     4.4177     3.3463  0.806E-02  0.126E-01   0.00       0.00       1.00       1.00    
    10.0000     8.1502     4.4356     3.3626  0.474E-02  0.746E-02   0.00       0.00       1.00       1.00    
    10.0000     8.1999     4.4613     3.3803  0.472E-02  0.741E-02   0.00       0.00       1.00       1.00    
    10.0000     8.2487     4.4864     3.3977  0.469E-02  0.741E-02   0.00       0.00       1.00       1.00    
    10.0000     8.2976     4.5112     3.4152  0.467E-02  0.735E-02   0.00       0.00       1.00       1.00    
    10.0000     8.3456     4.5361     3.4324  0.465E-02  0.735E-02   0.00       0.00       1.00       1.00    
    10.0000     8.3932     4.5598     3.4495  0.463E-02  0.730E-02   0.00       0.00       1.00       1.00    
    10.0000     8.4405     4.5831     3.4666  0.461E-02  0.730E-02   0.00       0.00       1.00       1.00    
    10.0000     8.4871     4.6059     3.4834  0.459E-02  0.725E-02   0.00       0.00       1.00       1.00    
    10.0000     8.5334     4.6287     3.4996  0.455E-02  0.725E-02   0.00       0.00       1.00       1.00    
    10.0000     8.5790     4.6511     3.5152  0.452E-02  0.719E-02   0.00       0.00       1.00       1.00    
    10.0000     8.6247     4.6734     3.5308  0.450E-02  0.714E-02   0.00       0.00       1.00       1.00    
    10.0000     8.6698     4.6953     3.5463  0.448E-02  0.714E-02   0.00       0.00       1.00       1.00    
    10.0000     8.7144     4.7173     3.5616  0.446E-02  0.709E-02   0.00       0.00       1.00       1.00    
    10.0000     8.7587     4.7387     3.5768  0.442E-02  0.704E-02   0.00       0.00       1.00       1.00    
    10.0000     8.8026     4.7600     3.5919  0.441E-02  0.704E-02   0.00       0.00       1.00       1.00    
    10.0000     8.8461     4.7811     3.6070  0.439E-02  0.699E-02   0.00       0.00       1.00       1.00    
    10.0000     8.8893     4.8023     3.6219  0.435E-02  0.694E-02   0.00       0.00       1.00       1.00    
    10.0000     8.9325     4.8231     3.6368  0.433E-02  0.690E-02   0.00       0.00       1.00       1.00    
    10.0000     8.9754     4.8442     3.6516  0.431E-02  0.690E-02   0.00       0.00       1.00       1.00    
    10.0000     9.0119     4.8615     3.6648  0.427E-02  0.685E-02   0.00       0.00       1.00       1.00    
    10.0000     9.3769     5.0911     3.8108  0.388E-02  0.613E-02   0.00       0.00       1.00       1.00    
    10.0000     9.4105     5.1123     3.8242  0.388E-02  0.613E-02   0.00       0.00       1.00       1.00    
    10.0000     9.4438     5.1336     3.8375  0.386E-02  0.610E-02   0.00       0.00       1.00       1.00    
    10.0000     9.4777     5.1546     3.8511  0.386E-02  0.610E-02   0.00       0.00       1.00       1.00    
    10.0000     9.5112     5.1758     3.8643  0.385E-02  0.606E-02   0.00       0.00       1.00       1.00    
    10.0000     9.5449     5.1970     3.8771  0.385E-02  0.606E-02   0.00       0.00       1.00       1.00    
    10.0000     9.5785     5.2181     3.8898  0.383E-02  0.606E-02   0.00       0.00       1.00       1.00    
    10.0000     9.6119     5.2394     3.9025  0.383E-02  0.602E-02   0.00       0.00       1.00       1.00    
    10.0000     9.6458     5.2604     3.9154  0.383E-02  0.602E-02   0.00       0.00       1.00       1.00    
    10.0000     9.6794     5.2816     3.9282  0.382E-02  0.599E-02   0.00       0.00       1.00       1.00    
    10.0000     9.7130     5.3029     3.9409  0.382E-02  0.599E-02   0.00       0.00       1.00       1.00    
    10.0000     9.7466     5.3242     3.9537  0.380E-02  0.599E-02   0.00       0.00       1.00       1.00    
    10.0000     9.7799     5.3454     3.9664  0.380E-02  0.595E-02   0.00       0.00       1.00       1.00    
    10.0000     9.8137     5.3669     3.9792  0.380E-02  0.595E-02   0.00       0.00       1.00       1.00    
    10.0000     9.8473     5.3883     3.9920  0.379E-02  0.592E-02   0.00       0.00       1.00       1.00    
    10.0000     9.8808     5.4094     4.0047  0.379E-02  0.592E-02   0.00       0.00       1.00       1.00    
     0.0000     9.9144     5.4306     4.0175  0.377E-02  0.592E-02   0.00       0.00       1.00       1.00    
