MODEL.01
 
ISOTROPIC
KGS
SPHERICAL EARTH
1-D
CONSTANT VELOCITY
LINE08
LINE09
LINE10
LINE11
      H(KM)   VP(KM/S)   VS(KM/S) RHO(GM/CC)     QP         QS       ETAP       ETAS      FREFP      FREFS    
     2.0000     5.7923     3.2307     2.6601  0.118E-02  0.167E-02   0.00       0.00       1.00       1.00    
     2.0000     6.3726     3.5546     2.8102  0.118E-02  0.167E-02   0.00       0.00       1.00       1.00    
     2.0000     6.5438     3.6500     2.8601  0.118E-02  0.167E-02   0.00       0.00       1.00       1.00    
     2.0000     6.3156     3.5229     2.7962  0.118E-02  0.167E-02   0.00       0.00       1.00       1.00    
     2.0000     6.4102     3.5756     2.8243  0.118E-02  0.167E-02   0.00       0.00       1.00       1.00    
     2.0000     6.1733     3.4437     2.7534  0.118E-02  0.167E-02   0.00       0.00       1.00       1.00    
     2.0000     6.2129     3.4655     2.7636  0.118E-02  0.167E-02   0.00       0.00       1.00       1.00    
     2.0000     6.3076     3.5183     2.7917  0.118E-02  0.167E-02   0.00       0.00       1.00       1.00    
     2.0000     6.3942     3.5665     2.8175  0.118E-02  0.167E-02   0.00       0.00       1.00       1.00    
     2.0000     6.4425     3.5933     2.8323  0.118E-02  0.167E-02   0.00       0.00       1.00       1.00    
     2.0000     6.6430     3.7054     2.8859  0.118E-02  0.167E-02   0.00       0.00       1.00       1.00    
     2.0000     6.6432     3.7054     2.8859  0.118E-02  0.167E-02   0.00       0.00       1.00       1.00    
     2.0000     6.6399     3.7037     2.8859  0.118E-02  0.167E-02   0.00       0.00       1.00       1.00    
     2.0000     6.6795     3.7258     2.8969  0.118E-02  0.167E-02   0.00       0.00       1.00       1.00    
     2.0000     7.2271     4.0314     3.0527  0.118E-02  0.167E-02   0.00       0.00       1.00       1.00    
     2.0000     7.9008     4.4071     3.2754  0.118E-02  0.167E-02   0.00       0.00       1.00       1.00    
     2.0000     7.9979     4.4612     3.3094  0.118E-02  0.167E-02   0.00       0.00       1.00       1.00    
     2.0000     7.9207     4.4181     3.2838  0.118E-02  0.167E-02   0.00       0.00       1.00       1.00    
     2.0000     7.9708     4.4459     3.3012  0.118E-02  0.167E-02   0.00       0.00       1.00       1.00    
     2.0000     8.0570     4.4941     3.3302  0.118E-02  0.167E-02   0.00       0.00       1.00       1.00    
     2.0000     7.8119     4.3571     3.2462  0.118E-02  0.167E-02   0.00       0.00       1.00       1.00    
     2.0000     7.6604     4.2730     3.1948  0.118E-02  0.167E-02   0.00       0.00       1.00       1.00    
     2.0000     7.7573     4.3270     3.2277  0.118E-02  0.167E-02   0.00       0.00       1.00       1.00    
     2.0000     7.8364     4.3709     3.2552  0.118E-02  0.167E-02   0.00       0.00       1.00       1.00    
     2.0000     7.7692     4.3338     3.2332  0.118E-02  0.167E-02   0.00       0.00       1.00       1.00    
     5.0000     7.7537     4.3248     3.2271  0.118E-02  0.167E-02   0.00       0.00       1.00       1.00    
     5.0000     7.8580     4.3839     3.2614  0.118E-02  0.167E-02   0.00       0.00       1.00       1.00    
     5.0000     7.8560     4.3834     3.2601  0.118E-02  0.167E-02   0.00       0.00       1.00       1.00    
     5.0000     7.6738     4.2828     3.1996  0.118E-02  0.167E-02   0.00       0.00       1.00       1.00    
     5.0000     7.5790     4.2306     3.1686  0.118E-02  0.167E-02   0.00       0.00       1.00       1.00    
     5.0000     7.6562     4.2660     3.1940  0.118E-02  0.167E-02   0.00       0.00       1.00       1.00    
     5.0000     7.6932     4.2963     3.2060  0.118E-02  0.167E-02   0.00       0.00       1.00       1.00    
     5.0000     7.6992     4.3003     3.2080  0.118E-02  0.167E-02   0.00       0.00       1.00       1.00    
     5.0000     7.6987     4.2988     3.2079  0.118E-02  0.167E-02   0.00       0.00       1.00       1.00    
     5.0000     7.7031     4.3041     3.2094  0.118E-02  0.167E-02   0.00       0.00       1.00       1.00    
    10.0000     7.7254     4.3146     3.2169  0.118E-02  0.167E-02   0.00       0.00       1.00       1.00    
    10.0000     7.7460     4.3299     3.2237  0.118E-02  0.167E-02   0.00       0.00       1.00       1.00    
    10.0000     7.7800     4.3427     3.2352  0.862E-02  0.131E-01   0.00       0.00       1.00       1.00    
    10.0000     7.8178     4.3506     3.2480  0.862E-02  0.131E-01   0.00       0.00       1.00       1.00    
    10.0000     7.8636     4.3625     3.2633  0.855E-02  0.131E-01   0.00       0.00       1.00       1.00    
    10.0000     7.9155     4.3791     3.2807  0.847E-02  0.131E-01   0.00       0.00       1.00       1.00    
    10.0000     7.9641     4.3932     3.2971  0.847E-02  0.131E-01   0.00       0.00       1.00       1.00    
    10.0000     8.0120     4.4060     3.3134  0.833E-02  0.130E-01   0.00       0.00       1.00       1.00    
    10.0000     8.0637     4.4218     3.3319  0.826E-02  0.129E-01   0.00       0.00       1.00       1.00    
    10.0000     8.1160     4.4370     3.3505  0.813E-02  0.128E-01   0.00       0.00       1.00       1.00    
    10.0000     8.1654     4.4508     3.3681  0.806E-02  0.126E-01   0.00       0.00       1.00       1.00    
    10.0000     8.2175     4.4722     3.3868  0.474E-02  0.746E-02   0.00       0.00       1.00       1.00    
    10.0000     8.2718     4.5004     3.4062  0.472E-02  0.741E-02   0.00       0.00       1.00       1.00    
    10.0000     8.3238     4.5274     3.4248  0.469E-02  0.741E-02   0.00       0.00       1.00       1.00    
    10.0000     8.3751     4.5532     3.4433  0.467E-02  0.735E-02   0.00       0.00       1.00       1.00    
    10.0000     8.4240     4.5789     3.4608  0.465E-02  0.735E-02   0.00       0.00       1.00       1.00    
    10.0000     8.4717     4.6026     3.4780  0.463E-02  0.730E-02   0.00       0.00       1.00       1.00    
    10.0000     8.5178     4.6251     3.4944  0.461E-02  0.730E-02   0.00       0.00       1.00       1.00    
    10.0000     8.5621     4.6468     3.5095  0.459E-02  0.725E-02   0.00       0.00       1.00       1.00    
    10.0000     8.6053     4.6678     3.5243  0.455E-02  0.725E-02   0.00       0.00       1.00       1.00    
    10.0000     8.6470     4.6880     3.5386  0.452E-02  0.719E-02   0.00       0.00       1.00       1.00    
    10.0000     8.6877     4.7076     3.5525  0.450E-02  0.714E-02   0.00       0.00       1.00       1.00    
    10.0000     8.7276     4.7267     3.5662  0.448E-02  0.714E-02   0.00       0.00       1.00       1.00    
    10.0000     8.7662     4.7454     3.5794  0.446E-02  0.709E-02   0.00       0.00       1.00       1.00    
    10.0000     8.8033     4.7628     3.5922  0.442E-02  0.704E-02   0.00       0.00       1.00       1.00    
    10.0000     8.8391     4.7797     3.6045  0.441E-02  0.704E-02   0.00       0.00       1.00       1.00    
    10.0000     8.8742     4.7964     3.6166  0.439E-02  0.699E-02   0.00       0.00       1.00       1.00    
    10.0000     8.9083     4.8125     3.6284  0.435E-02  0.694E-02   0.00       0.00       1.00       1.00    
    10.0000     8.9423     4.8284     3.6402  0.433E-02  0.690E-02   0.00       0.00       1.00       1.00    
    10.0000     8.9754     4.8442     3.6516  0.431E-02  0.690E-02   0.00       0.00       1.00       1.00    
    10.0000     9.0119     4.8615     3.6648  0.427E-02  0.685E-02   0.00       0.00       1.00       1.00    
    10.0000     9.3769     5.0911     3.8108  0.388E-02  0.613E-02   0.00       0.00       1.00       1.00    
    10.0000     9.4105     5.1123     3.8242  0.388E-02  0.613E-02   0.00       0.00       1.00       1.00    
    10.0000     9.4438     5.1336     3.8375  0.386E-02  0.610E-02   0.00       0.00       1.00       1.00    
    10.0000     9.4777     5.1546     3.8511  0.386E-02  0.610E-02   0.00       0.00       1.00       1.00    
    10.0000     9.5112     5.1758     3.8643  0.385E-02  0.606E-02   0.00       0.00       1.00       1.00    
    10.0000     9.5449     5.1970     3.8771  0.385E-02  0.606E-02   0.00       0.00       1.00       1.00    
    10.0000     9.5785     5.2181     3.8898  0.383E-02  0.606E-02   0.00       0.00       1.00       1.00    
    10.0000     9.6119     5.2394     3.9025  0.383E-02  0.602E-02   0.00       0.00       1.00       1.00    
    10.0000     9.6458     5.2604     3.9154  0.383E-02  0.602E-02   0.00       0.00       1.00       1.00    
    10.0000     9.6794     5.2816     3.9282  0.382E-02  0.599E-02   0.00       0.00       1.00       1.00    
    10.0000     9.7130     5.3029     3.9409  0.382E-02  0.599E-02   0.00       0.00       1.00       1.00    
    10.0000     9.7466     5.3242     3.9537  0.380E-02  0.599E-02   0.00       0.00       1.00       1.00    
    10.0000     9.7799     5.3454     3.9664  0.380E-02  0.595E-02   0.00       0.00       1.00       1.00    
    10.0000     9.8137     5.3669     3.9792  0.380E-02  0.595E-02   0.00       0.00       1.00       1.00    
    10.0000     9.8473     5.3883     3.9920  0.379E-02  0.592E-02   0.00       0.00       1.00       1.00    
    10.0000     9.8808     5.4094     4.0047  0.379E-02  0.592E-02   0.00       0.00       1.00       1.00    
     0.0000     9.9144     5.4306     4.0175  0.377E-02  0.592E-02   0.00       0.00       1.00       1.00    
