MODEL.01
 
ISOTROPIC
KGS
SPHERICAL EARTH
1-D
CONSTANT VELOCITY
LINE08
LINE09
LINE10
LINE11
      H(KM)   VP(KM/S)   VS(KM/S) RHO(GM/CC)     QP         QS       ETAP       ETAS      FREFP      FREFS    
     2.0000     5.8781     3.2785     2.6788  0.118E-02  0.167E-02   0.00       0.00       1.00       1.00    
     2.0000     6.3287     3.5300     2.7969  0.118E-02  0.167E-02   0.00       0.00       1.00       1.00    
     2.0000     6.4911     3.6205     2.8445  0.118E-02  0.167E-02   0.00       0.00       1.00       1.00    
     2.0000     6.3538     3.5442     2.8073  0.118E-02  0.167E-02   0.00       0.00       1.00       1.00    
     2.0000     6.4334     3.5885     2.8301  0.118E-02  0.167E-02   0.00       0.00       1.00       1.00    
     2.0000     6.2154     3.4671     2.7663  0.118E-02  0.167E-02   0.00       0.00       1.00       1.00    
     2.0000     6.2141     3.4661     2.7648  0.118E-02  0.167E-02   0.00       0.00       1.00       1.00    
     2.0000     6.2961     3.5119     2.7888  0.118E-02  0.167E-02   0.00       0.00       1.00       1.00    
     2.0000     6.3795     3.5583     2.8138  0.118E-02  0.167E-02   0.00       0.00       1.00       1.00    
     2.0000     6.4338     3.5885     2.8301  0.118E-02  0.167E-02   0.00       0.00       1.00       1.00    
     2.0000     6.5978     3.6802     2.8738  0.118E-02  0.167E-02   0.00       0.00       1.00       1.00    
     2.0000     6.5939     3.6779     2.8723  0.118E-02  0.167E-02   0.00       0.00       1.00       1.00    
     2.0000     6.6186     3.6919     2.8797  0.118E-02  0.167E-02   0.00       0.00       1.00       1.00    
     2.0000     6.6937     3.7336     2.9012  0.118E-02  0.167E-02   0.00       0.00       1.00       1.00    
     2.0000     7.2231     4.0291     3.0508  0.118E-02  0.167E-02   0.00       0.00       1.00       1.00    
     2.0000     7.8683     4.3889     3.2628  0.118E-02  0.167E-02   0.00       0.00       1.00       1.00    
     2.0000     7.9971     4.4607     3.3088  0.118E-02  0.167E-02   0.00       0.00       1.00       1.00    
     2.0000     7.9412     4.4295     3.2911  0.118E-02  0.167E-02   0.00       0.00       1.00       1.00    
     2.0000     7.9925     4.4581     3.3079  0.118E-02  0.167E-02   0.00       0.00       1.00       1.00    
     2.0000     8.0353     4.4820     3.3203  0.118E-02  0.167E-02   0.00       0.00       1.00       1.00    
     2.0000     7.8037     4.3526     3.2418  0.118E-02  0.167E-02   0.00       0.00       1.00       1.00    
     2.0000     7.6599     4.2726     3.1936  0.118E-02  0.167E-02   0.00       0.00       1.00       1.00    
     2.0000     7.7535     4.3248     3.2251  0.118E-02  0.167E-02   0.00       0.00       1.00       1.00    
     2.0000     7.8493     4.3781     3.2586  0.118E-02  0.167E-02   0.00       0.00       1.00       1.00    
     2.0000     7.8105     4.3566     3.2471  0.118E-02  0.167E-02   0.00       0.00       1.00       1.00    
     5.0000     7.7763     4.3375     3.2350  0.118E-02  0.167E-02   0.00       0.00       1.00       1.00    
     5.0000     7.8466     4.3776     3.2570  0.118E-02  0.167E-02   0.00       0.00       1.00       1.00    
     5.0000     7.8300     4.3690     3.2508  0.118E-02  0.167E-02   0.00       0.00       1.00       1.00    
     5.0000     7.6896     4.2916     3.2054  0.118E-02  0.167E-02   0.00       0.00       1.00       1.00    
     5.0000     7.6249     4.2562     3.1848  0.118E-02  0.167E-02   0.00       0.00       1.00       1.00    
     5.0000     7.6814     4.2801     3.2030  0.118E-02  0.167E-02   0.00       0.00       1.00       1.00    
     5.0000     7.7035     4.3021     3.2099  0.118E-02  0.167E-02   0.00       0.00       1.00       1.00    
     5.0000     7.7088     4.3057     3.2117  0.118E-02  0.167E-02   0.00       0.00       1.00       1.00    
     5.0000     7.7095     4.3050     3.2120  0.118E-02  0.167E-02   0.00       0.00       1.00       1.00    
     5.0000     7.7150     4.3107     3.2139  0.118E-02  0.167E-02   0.00       0.00       1.00       1.00    
    10.0000     7.7357     4.3202     3.2209  0.118E-02  0.167E-02   0.00       0.00       1.00       1.00    
    10.0000     7.7503     4.3324     3.2255  0.118E-02  0.167E-02   0.00       0.00       1.00       1.00    
    10.0000     7.7810     4.3432     3.2357  0.862E-02  0.131E-01   0.00       0.00       1.00       1.00    
    10.0000     7.8158     4.3494     3.2474  0.862E-02  0.131E-01   0.00       0.00       1.00       1.00    
    10.0000     7.8559     4.3580     3.2608  0.855E-02  0.131E-01   0.00       0.00       1.00       1.00    
    10.0000     7.9022     4.3717     3.2762  0.847E-02  0.131E-01   0.00       0.00       1.00       1.00    
    10.0000     7.9464     4.3834     3.2910  0.847E-02  0.131E-01   0.00       0.00       1.00       1.00    
    10.0000     7.9904     4.3943     3.3058  0.833E-02  0.130E-01   0.00       0.00       1.00       1.00    
    10.0000     8.0372     4.4072     3.3222  0.826E-02  0.129E-01   0.00       0.00       1.00       1.00    
    10.0000     8.0847     4.4200     3.3390  0.813E-02  0.128E-01   0.00       0.00       1.00       1.00    
    10.0000     8.1304     4.4318     3.3553  0.806E-02  0.126E-01   0.00       0.00       1.00       1.00    
    10.0000     8.1794     4.4515     3.3727  0.474E-02  0.746E-02   0.00       0.00       1.00       1.00    
    10.0000     8.2315     4.4785     3.3914  0.472E-02  0.741E-02   0.00       0.00       1.00       1.00    
    10.0000     8.2820     4.5046     3.4095  0.469E-02  0.741E-02   0.00       0.00       1.00       1.00    
    10.0000     8.3321     4.5299     3.4275  0.467E-02  0.735E-02   0.00       0.00       1.00       1.00    
    10.0000     8.3807     4.5553     3.4449  0.465E-02  0.735E-02   0.00       0.00       1.00       1.00    
    10.0000     8.4286     4.5791     3.4622  0.463E-02  0.730E-02   0.00       0.00       1.00       1.00    
    10.0000     8.4754     4.6020     3.4791  0.461E-02  0.730E-02   0.00       0.00       1.00       1.00    
    10.0000     8.5211     4.6244     3.4953  0.459E-02  0.725E-02   0.00       0.00       1.00       1.00    
    10.0000     8.5660     4.6465     3.5106  0.455E-02  0.725E-02   0.00       0.00       1.00       1.00    
    10.0000     8.6099     4.6679     3.5256  0.452E-02  0.719E-02   0.00       0.00       1.00       1.00    
    10.0000     8.6533     4.6890     3.5405  0.450E-02  0.714E-02   0.00       0.00       1.00       1.00    
    10.0000     8.6961     4.7095     3.5552  0.448E-02  0.714E-02   0.00       0.00       1.00       1.00    
    10.0000     8.7380     4.7301     3.5696  0.446E-02  0.709E-02   0.00       0.00       1.00       1.00    
    10.0000     8.7790     4.7497     3.5837  0.442E-02  0.704E-02   0.00       0.00       1.00       1.00    
    10.0000     8.8192     4.7690     3.5976  0.441E-02  0.704E-02   0.00       0.00       1.00       1.00    
    10.0000     8.8589     4.7881     3.6113  0.439E-02  0.699E-02   0.00       0.00       1.00       1.00    
    10.0000     8.8980     4.8070     3.6248  0.435E-02  0.694E-02   0.00       0.00       1.00       1.00    
    10.0000     8.9370     4.8255     3.6383  0.433E-02  0.690E-02   0.00       0.00       1.00       1.00    
    10.0000     8.9754     4.8442     3.6516  0.431E-02  0.690E-02   0.00       0.00       1.00       1.00    
    10.0000     9.0119     4.8615     3.6648  0.427E-02  0.685E-02   0.00       0.00       1.00       1.00    
    10.0000     9.3769     5.0911     3.8108  0.388E-02  0.613E-02   0.00       0.00       1.00       1.00    
    10.0000     9.4105     5.1123     3.8242  0.388E-02  0.613E-02   0.00       0.00       1.00       1.00    
    10.0000     9.4438     5.1336     3.8375  0.386E-02  0.610E-02   0.00       0.00       1.00       1.00    
    10.0000     9.4777     5.1546     3.8511  0.386E-02  0.610E-02   0.00       0.00       1.00       1.00    
    10.0000     9.5112     5.1758     3.8643  0.385E-02  0.606E-02   0.00       0.00       1.00       1.00    
    10.0000     9.5449     5.1970     3.8771  0.385E-02  0.606E-02   0.00       0.00       1.00       1.00    
    10.0000     9.5785     5.2181     3.8898  0.383E-02  0.606E-02   0.00       0.00       1.00       1.00    
    10.0000     9.6119     5.2394     3.9025  0.383E-02  0.602E-02   0.00       0.00       1.00       1.00    
    10.0000     9.6458     5.2604     3.9154  0.383E-02  0.602E-02   0.00       0.00       1.00       1.00    
    10.0000     9.6794     5.2816     3.9282  0.382E-02  0.599E-02   0.00       0.00       1.00       1.00    
    10.0000     9.7130     5.3029     3.9409  0.382E-02  0.599E-02   0.00       0.00       1.00       1.00    
    10.0000     9.7466     5.3242     3.9537  0.380E-02  0.599E-02   0.00       0.00       1.00       1.00    
    10.0000     9.7799     5.3454     3.9664  0.380E-02  0.595E-02   0.00       0.00       1.00       1.00    
    10.0000     9.8137     5.3669     3.9792  0.380E-02  0.595E-02   0.00       0.00       1.00       1.00    
    10.0000     9.8473     5.3883     3.9920  0.379E-02  0.592E-02   0.00       0.00       1.00       1.00    
    10.0000     9.8808     5.4094     4.0047  0.379E-02  0.592E-02   0.00       0.00       1.00       1.00    
     0.0000     9.9144     5.4306     4.0175  0.377E-02  0.592E-02   0.00       0.00       1.00       1.00    
