MODEL.01
 
ISOTROPIC
KGS
SPHERICAL EARTH
1-D
CONSTANT VELOCITY
LINE08
LINE09
LINE10
LINE11
      H(KM)   VP(KM/S)   VS(KM/S) RHO(GM/CC)     QP         QS       ETAP       ETAS      FREFP      FREFS    
     2.0000     6.1038     3.4045     2.8338  0.118E-02  0.167E-02   0.00       0.00       1.00       1.00    
     2.0000     6.2395     3.4802     2.8388  0.118E-02  0.167E-02   0.00       0.00       1.00       1.00    
     2.0000     6.3098     3.5194     2.8430  0.118E-02  0.167E-02   0.00       0.00       1.00       1.00    
     2.0000     6.3094     3.5192     2.8452  0.118E-02  0.167E-02   0.00       0.00       1.00       1.00    
     2.0000     6.3522     3.5432     2.8490  0.118E-02  0.167E-02   0.00       0.00       1.00       1.00    
     2.0000     6.2971     3.5125     2.8537  0.118E-02  0.167E-02   0.00       0.00       1.00       1.00    
     2.0000     6.2872     3.5068     2.8585  0.118E-02  0.167E-02   0.00       0.00       1.00       1.00    
     2.0000     6.3400     3.5363     2.8636  0.118E-02  0.167E-02   0.00       0.00       1.00       1.00    
     2.0000     6.4205     3.5812     2.8703  0.118E-02  0.167E-02   0.00       0.00       1.00       1.00    
     2.0000     6.4743     3.6112     2.8785  0.118E-02  0.167E-02   0.00       0.00       1.00       1.00    
     2.0000     6.5438     3.6500     2.8927  0.118E-02  0.167E-02   0.00       0.00       1.00       1.00    
     2.0000     6.5105     3.6313     2.9072  0.118E-02  0.167E-02   0.00       0.00       1.00       1.00    
     2.0000     6.5350     3.6451     2.9267  0.118E-02  0.167E-02   0.00       0.00       1.00       1.00    
     2.0000     6.7102     3.7428     2.9518  0.118E-02  0.167E-02   0.00       0.00       1.00       1.00    
     2.0000     7.0910     3.9553     2.9843  0.118E-02  0.167E-02   0.00       0.00       1.00       1.00    
     2.0000     7.6527     4.2686     3.0276  0.118E-02  0.167E-02   0.00       0.00       1.00       1.00    
     2.0000     7.9644     4.4423     3.0670  0.118E-02  0.167E-02   0.00       0.00       1.00       1.00    
     2.0000     8.0283     4.4779     3.1032  0.118E-02  0.167E-02   0.00       0.00       1.00       1.00    
     2.0000     8.0231     4.4751     3.1375  0.118E-02  0.167E-02   0.00       0.00       1.00       1.00    
     2.0000     7.9447     4.4314     3.1679  0.118E-02  0.167E-02   0.00       0.00       1.00       1.00    
     2.0000     7.7612     4.3289     3.1901  0.118E-02  0.167E-02   0.00       0.00       1.00       1.00    
     2.0000     7.6243     4.2527     3.2078  0.118E-02  0.167E-02   0.00       0.00       1.00       1.00    
     2.0000     7.6161     4.2481     3.2241  0.118E-02  0.167E-02   0.00       0.00       1.00       1.00    
     2.0000     7.6679     4.2769     3.2379  0.118E-02  0.167E-02   0.00       0.00       1.00       1.00    
     2.0000     7.7068     4.2987     3.2489  0.118E-02  0.167E-02   0.00       0.00       1.00       1.00    
     5.0000     7.7324     4.3129     3.2577  0.118E-02  0.167E-02   0.00       0.00       1.00       1.00    
     5.0000     7.7731     4.3365     3.2715  0.118E-02  0.167E-02   0.00       0.00       1.00       1.00    
     5.0000     7.7791     4.3407     3.2827  0.118E-02  0.167E-02   0.00       0.00       1.00       1.00    
     5.0000     7.7506     4.3256     3.2905  0.118E-02  0.167E-02   0.00       0.00       1.00       1.00    
     5.0000     7.7362     4.3184     3.2958  0.118E-02  0.167E-02   0.00       0.00       1.00       1.00    
     5.0000     7.7631     4.3256     3.3040  0.118E-02  0.167E-02   0.00       0.00       1.00       1.00    
     5.0000     7.7671     4.3375     3.3024  0.118E-02  0.167E-02   0.00       0.00       1.00       1.00    
     5.0000     7.7756     4.3430     3.3040  0.118E-02  0.167E-02   0.00       0.00       1.00       1.00    
     5.0000     7.7788     4.3438     3.3047  0.118E-02  0.167E-02   0.00       0.00       1.00       1.00    
     5.0000     7.7844     4.3496     3.3053  0.118E-02  0.167E-02   0.00       0.00       1.00       1.00    
    10.0000     7.7999     4.3560     3.3085  0.118E-02  0.167E-02   0.00       0.00       1.00       1.00    
    10.0000     7.8042     4.3626     3.3074  0.118E-02  0.167E-02   0.00       0.00       1.00       1.00    
    10.0000     7.8264     4.3684     3.3140  0.862E-02  0.131E-01   0.00       0.00       1.00       1.00    
    10.0000     7.8557     4.3716     3.3244  0.862E-02  0.131E-01   0.00       0.00       1.00       1.00    
    10.0000     7.8857     4.3745     3.3345  0.855E-02  0.131E-01   0.00       0.00       1.00       1.00    
    10.0000     7.9209     4.3820     3.3449  0.847E-02  0.131E-01   0.00       0.00       1.00       1.00    
    10.0000     7.9574     4.3895     3.3556  0.847E-02  0.131E-01   0.00       0.00       1.00       1.00    
    10.0000     7.9939     4.3961     3.3663  0.833E-02  0.130E-01   0.00       0.00       1.00       1.00    
    10.0000     8.0311     4.4038     3.3769  0.826E-02  0.129E-01   0.00       0.00       1.00       1.00    
    10.0000     8.0694     4.4117     3.3878  0.813E-02  0.128E-01   0.00       0.00       1.00       1.00    
    10.0000     8.1072     4.4193     3.3986  0.806E-02  0.126E-01   0.00       0.00       1.00       1.00    
    10.0000     8.1494     4.4353     3.4109  0.474E-02  0.746E-02   0.00       0.00       1.00       1.00    
    10.0000     8.1960     4.4591     3.4248  0.472E-02  0.741E-02   0.00       0.00       1.00       1.00    
    10.0000     8.2423     4.4829     3.4386  0.469E-02  0.741E-02   0.00       0.00       1.00       1.00    
    10.0000     8.2889     4.5065     3.4525  0.467E-02  0.735E-02   0.00       0.00       1.00       1.00    
    10.0000     8.3351     4.5303     3.4663  0.465E-02  0.735E-02   0.00       0.00       1.00       1.00    
    10.0000     8.3814     4.5534     3.4802  0.463E-02  0.730E-02   0.00       0.00       1.00       1.00    
    10.0000     8.4278     4.5762     3.4939  0.461E-02  0.730E-02   0.00       0.00       1.00       1.00    
    10.0000     8.4739     4.5987     3.5071  0.459E-02  0.725E-02   0.00       0.00       1.00       1.00    
    10.0000     8.5201     4.6215     3.5203  0.455E-02  0.725E-02   0.00       0.00       1.00       1.00    
    10.0000     8.5659     4.6439     3.5334  0.452E-02  0.719E-02   0.00       0.00       1.00       1.00    
    10.0000     8.6119     4.6665     3.5466  0.450E-02  0.714E-02   0.00       0.00       1.00       1.00    
    10.0000     8.6577     4.6888     3.5597  0.448E-02  0.714E-02   0.00       0.00       1.00       1.00    
    10.0000     8.7033     4.7112     3.5728  0.446E-02  0.709E-02   0.00       0.00       1.00       1.00    
    10.0000     8.7489     4.7334     3.5859  0.442E-02  0.704E-02   0.00       0.00       1.00       1.00    
    10.0000     8.7944     4.7556     3.5991  0.441E-02  0.704E-02   0.00       0.00       1.00       1.00    
    10.0000     8.8398     4.7777     3.6123  0.439E-02  0.699E-02   0.00       0.00       1.00       1.00    
    10.0000     8.8850     4.8000     3.6254  0.435E-02  0.694E-02   0.00       0.00       1.00       1.00    
    10.0000     8.9302     4.8219     3.6385  0.433E-02  0.690E-02   0.00       0.00       1.00       1.00    
    10.0000     8.9754     4.8442     3.6516  0.431E-02  0.690E-02   0.00       0.00       1.00       1.00    
    10.0000     9.0119     4.8615     3.6648  0.427E-02  0.685E-02   0.00       0.00       1.00       1.00    
    10.0000     9.3769     5.0911     3.8108  0.388E-02  0.613E-02   0.00       0.00       1.00       1.00    
    10.0000     9.4105     5.1123     3.8242  0.388E-02  0.613E-02   0.00       0.00       1.00       1.00    
    10.0000     9.4438     5.1336     3.8375  0.386E-02  0.610E-02   0.00       0.00       1.00       1.00    
    10.0000     9.4777     5.1546     3.8511  0.386E-02  0.610E-02   0.00       0.00       1.00       1.00    
    10.0000     9.5112     5.1758     3.8643  0.385E-02  0.606E-02   0.00       0.00       1.00       1.00    
    10.0000     9.5449     5.1970     3.8771  0.385E-02  0.606E-02   0.00       0.00       1.00       1.00    
    10.0000     9.5785     5.2181     3.8898  0.383E-02  0.606E-02   0.00       0.00       1.00       1.00    
    10.0000     9.6119     5.2394     3.9025  0.383E-02  0.602E-02   0.00       0.00       1.00       1.00    
    10.0000     9.6458     5.2604     3.9154  0.383E-02  0.602E-02   0.00       0.00       1.00       1.00    
    10.0000     9.6794     5.2816     3.9282  0.382E-02  0.599E-02   0.00       0.00       1.00       1.00    
    10.0000     9.7130     5.3029     3.9409  0.382E-02  0.599E-02   0.00       0.00       1.00       1.00    
    10.0000     9.7466     5.3242     3.9537  0.380E-02  0.599E-02   0.00       0.00       1.00       1.00    
    10.0000     9.7799     5.3454     3.9664  0.380E-02  0.595E-02   0.00       0.00       1.00       1.00    
    10.0000     9.8137     5.3669     3.9792  0.380E-02  0.595E-02   0.00       0.00       1.00       1.00    
    10.0000     9.8473     5.3883     3.9920  0.379E-02  0.592E-02   0.00       0.00       1.00       1.00    
    10.0000     9.8808     5.4094     4.0047  0.379E-02  0.592E-02   0.00       0.00       1.00       1.00    
     0.0000     9.9144     5.4306     4.0175  0.377E-02  0.592E-02   0.00       0.00       1.00       1.00    
