MODEL.01
 
ISOTROPIC
KGS
SPHERICAL EARTH
1-D
CONSTANT VELOCITY
LINE08
LINE09
LINE10
LINE11
      H(KM)   VP(KM/S)   VS(KM/S) RHO(GM/CC)     QP         QS       ETAP       ETAS      FREFP      FREFS    
     2.0000     5.8004     3.2352     2.6618  0.118E-02  0.167E-02   0.00       0.00       1.00       1.00    
     2.0000     6.3675     3.5517     2.8087  0.118E-02  0.167E-02   0.00       0.00       1.00       1.00    
     2.0000     6.5388     3.6472     2.8587  0.118E-02  0.167E-02   0.00       0.00       1.00       1.00    
     2.0000     6.3207     3.5257     2.7977  0.118E-02  0.167E-02   0.00       0.00       1.00       1.00    
     2.0000     6.4142     3.5778     2.8254  0.118E-02  0.167E-02   0.00       0.00       1.00       1.00    
     2.0000     6.1781     3.4464     2.7549  0.118E-02  0.167E-02   0.00       0.00       1.00       1.00    
     2.0000     6.2120     3.4650     2.7634  0.118E-02  0.167E-02   0.00       0.00       1.00       1.00    
     2.0000     6.3056     3.5172     2.7911  0.118E-02  0.167E-02   0.00       0.00       1.00       1.00    
     2.0000     6.3918     3.5651     2.8168  0.118E-02  0.167E-02   0.00       0.00       1.00       1.00    
     2.0000     6.4411     3.5925     2.8319  0.118E-02  0.167E-02   0.00       0.00       1.00       1.00    
     2.0000     6.6380     3.7026     2.8845  0.118E-02  0.167E-02   0.00       0.00       1.00       1.00    
     2.0000     6.6382     3.7026     2.8846  0.118E-02  0.167E-02   0.00       0.00       1.00       1.00    
     2.0000     6.6381     3.7027     2.8854  0.118E-02  0.167E-02   0.00       0.00       1.00       1.00    
     2.0000     6.6804     3.7263     2.8972  0.118E-02  0.167E-02   0.00       0.00       1.00       1.00    
     2.0000     7.2271     4.0314     3.0526  0.118E-02  0.167E-02   0.00       0.00       1.00       1.00    
     2.0000     7.8983     4.4057     3.2745  0.118E-02  0.167E-02   0.00       0.00       1.00       1.00    
     2.0000     7.9982     4.4613     3.3095  0.118E-02  0.167E-02   0.00       0.00       1.00       1.00    
     2.0000     7.9228     4.4193     3.2845  0.118E-02  0.167E-02   0.00       0.00       1.00       1.00    
     2.0000     7.9740     4.4477     3.3022  0.118E-02  0.167E-02   0.00       0.00       1.00       1.00    
     2.0000     8.0561     4.4936     3.3298  0.118E-02  0.167E-02   0.00       0.00       1.00       1.00    
     2.0000     7.8124     4.3574     3.2463  0.118E-02  0.167E-02   0.00       0.00       1.00       1.00    
     2.0000     7.6613     4.2735     3.1951  0.118E-02  0.167E-02   0.00       0.00       1.00       1.00    
     2.0000     7.7579     4.3274     3.2278  0.118E-02  0.167E-02   0.00       0.00       1.00       1.00    
     2.0000     7.8387     4.3722     3.2559  0.118E-02  0.167E-02   0.00       0.00       1.00       1.00    
     2.0000     7.7741     4.3365     3.2349  0.118E-02  0.167E-02   0.00       0.00       1.00       1.00    
     5.0000     7.7562     4.3262     3.2280  0.118E-02  0.167E-02   0.00       0.00       1.00       1.00    
     5.0000     7.8570     4.3833     3.2610  0.118E-02  0.167E-02   0.00       0.00       1.00       1.00    
     5.0000     7.8531     4.3818     3.2590  0.118E-02  0.167E-02   0.00       0.00       1.00       1.00    
     5.0000     7.6752     4.2836     3.2001  0.118E-02  0.167E-02   0.00       0.00       1.00       1.00    
     5.0000     7.5840     4.2334     3.1703  0.118E-02  0.167E-02   0.00       0.00       1.00       1.00    
     5.0000     7.6589     4.2675     3.1950  0.118E-02  0.167E-02   0.00       0.00       1.00       1.00    
     5.0000     7.6941     4.2968     3.2063  0.118E-02  0.167E-02   0.00       0.00       1.00       1.00    
     5.0000     7.6999     4.3007     3.2082  0.118E-02  0.167E-02   0.00       0.00       1.00       1.00    
     5.0000     7.6996     4.2993     3.2082  0.118E-02  0.167E-02   0.00       0.00       1.00       1.00    
     5.0000     7.7041     4.3047     3.2098  0.118E-02  0.167E-02   0.00       0.00       1.00       1.00    
    10.0000     7.7263     4.3151     3.2173  0.118E-02  0.167E-02   0.00       0.00       1.00       1.00    
    10.0000     7.7463     4.3300     3.2238  0.118E-02  0.167E-02   0.00       0.00       1.00       1.00    
    10.0000     7.7800     4.3427     3.2352  0.862E-02  0.131E-01   0.00       0.00       1.00       1.00    
    10.0000     7.8175     4.3504     3.2478  0.862E-02  0.131E-01   0.00       0.00       1.00       1.00    
    10.0000     7.8626     4.3620     3.2629  0.855E-02  0.131E-01   0.00       0.00       1.00       1.00    
    10.0000     7.9139     4.3782     3.2802  0.847E-02  0.131E-01   0.00       0.00       1.00       1.00    
    10.0000     7.9620     4.3921     3.2964  0.847E-02  0.131E-01   0.00       0.00       1.00       1.00    
    10.0000     8.0095     4.4046     3.3125  0.833E-02  0.130E-01   0.00       0.00       1.00       1.00    
    10.0000     8.0607     4.4201     3.3307  0.826E-02  0.129E-01   0.00       0.00       1.00       1.00    
    10.0000     8.1124     4.4351     3.3491  0.813E-02  0.128E-01   0.00       0.00       1.00       1.00    
    10.0000     8.1614     4.4486     3.3666  0.806E-02  0.126E-01   0.00       0.00       1.00       1.00    
    10.0000     8.2132     4.4698     3.3851  0.474E-02  0.746E-02   0.00       0.00       1.00       1.00    
    10.0000     8.2672     4.4979     3.4045  0.472E-02  0.741E-02   0.00       0.00       1.00       1.00    
    10.0000     8.3190     4.5248     3.4231  0.469E-02  0.741E-02   0.00       0.00       1.00       1.00    
    10.0000     8.3702     4.5505     3.4415  0.467E-02  0.735E-02   0.00       0.00       1.00       1.00    
    10.0000     8.4190     4.5762     3.4590  0.465E-02  0.735E-02   0.00       0.00       1.00       1.00    
    10.0000     8.4668     4.5999     3.4762  0.463E-02  0.730E-02   0.00       0.00       1.00       1.00    
    10.0000     8.5129     4.6225     3.4927  0.461E-02  0.730E-02   0.00       0.00       1.00       1.00    
    10.0000     8.5574     4.6442     3.5079  0.459E-02  0.725E-02   0.00       0.00       1.00       1.00    
    10.0000     8.6008     4.6654     3.5227  0.455E-02  0.725E-02   0.00       0.00       1.00       1.00    
    10.0000     8.6428     4.6857     3.5371  0.452E-02  0.719E-02   0.00       0.00       1.00       1.00    
    10.0000     8.6838     4.7055     3.5511  0.450E-02  0.714E-02   0.00       0.00       1.00       1.00    
    10.0000     8.7240     4.7247     3.5649  0.448E-02  0.714E-02   0.00       0.00       1.00       1.00    
    10.0000     8.7630     4.7436     3.5783  0.446E-02  0.709E-02   0.00       0.00       1.00       1.00    
    10.0000     8.8005     4.7613     3.5912  0.442E-02  0.704E-02   0.00       0.00       1.00       1.00    
    10.0000     8.8368     4.7785     3.6037  0.441E-02  0.704E-02   0.00       0.00       1.00       1.00    
    10.0000     8.8724     4.7954     3.6160  0.439E-02  0.699E-02   0.00       0.00       1.00       1.00    
    10.0000     8.9071     4.8119     3.6280  0.435E-02  0.694E-02   0.00       0.00       1.00       1.00    
    10.0000     8.9417     4.8281     3.6400  0.433E-02  0.690E-02   0.00       0.00       1.00       1.00    
    10.0000     8.9754     4.8442     3.6516  0.431E-02  0.690E-02   0.00       0.00       1.00       1.00    
    10.0000     9.0119     4.8615     3.6648  0.427E-02  0.685E-02   0.00       0.00       1.00       1.00    
    10.0000     9.3769     5.0911     3.8108  0.388E-02  0.613E-02   0.00       0.00       1.00       1.00    
    10.0000     9.4105     5.1123     3.8242  0.388E-02  0.613E-02   0.00       0.00       1.00       1.00    
    10.0000     9.4438     5.1336     3.8375  0.386E-02  0.610E-02   0.00       0.00       1.00       1.00    
    10.0000     9.4777     5.1546     3.8511  0.386E-02  0.610E-02   0.00       0.00       1.00       1.00    
    10.0000     9.5112     5.1758     3.8643  0.385E-02  0.606E-02   0.00       0.00       1.00       1.00    
    10.0000     9.5449     5.1970     3.8771  0.385E-02  0.606E-02   0.00       0.00       1.00       1.00    
    10.0000     9.5785     5.2181     3.8898  0.383E-02  0.606E-02   0.00       0.00       1.00       1.00    
    10.0000     9.6119     5.2394     3.9025  0.383E-02  0.602E-02   0.00       0.00       1.00       1.00    
    10.0000     9.6458     5.2604     3.9154  0.383E-02  0.602E-02   0.00       0.00       1.00       1.00    
    10.0000     9.6794     5.2816     3.9282  0.382E-02  0.599E-02   0.00       0.00       1.00       1.00    
    10.0000     9.7130     5.3029     3.9409  0.382E-02  0.599E-02   0.00       0.00       1.00       1.00    
    10.0000     9.7466     5.3242     3.9537  0.380E-02  0.599E-02   0.00       0.00       1.00       1.00    
    10.0000     9.7799     5.3454     3.9664  0.380E-02  0.595E-02   0.00       0.00       1.00       1.00    
    10.0000     9.8137     5.3669     3.9792  0.380E-02  0.595E-02   0.00       0.00       1.00       1.00    
    10.0000     9.8473     5.3883     3.9920  0.379E-02  0.592E-02   0.00       0.00       1.00       1.00    
    10.0000     9.8808     5.4094     4.0047  0.379E-02  0.592E-02   0.00       0.00       1.00       1.00    
     0.0000     9.9144     5.4306     4.0175  0.377E-02  0.592E-02   0.00       0.00       1.00       1.00    
