MODEL.01
 
ISOTROPIC
KGS
SPHERICAL EARTH
1-D
CONSTANT VELOCITY
LINE08
LINE09
LINE10
LINE11
      H(KM)   VP(KM/S)   VS(KM/S) RHO(GM/CC)     QP         QS       ETAP       ETAS      FREFP      FREFS    
     2.0000     5.8938     3.2873     2.6823  0.118E-02  0.167E-02   0.00       0.00       1.00       1.00    
     2.0000     6.3230     3.5268     2.7952  0.118E-02  0.167E-02   0.00       0.00       1.00       1.00    
     2.0000     6.4817     3.6153     2.8414  0.118E-02  0.167E-02   0.00       0.00       1.00       1.00    
     2.0000     6.3575     3.5462     2.8082  0.118E-02  0.167E-02   0.00       0.00       1.00       1.00    
     2.0000     6.4338     3.5887     2.8299  0.118E-02  0.167E-02   0.00       0.00       1.00       1.00    
     2.0000     6.2210     3.4702     2.7680  0.118E-02  0.167E-02   0.00       0.00       1.00       1.00    
     2.0000     6.2161     3.4672     2.7656  0.118E-02  0.167E-02   0.00       0.00       1.00       1.00    
     2.0000     6.2961     3.5119     2.7890  0.118E-02  0.167E-02   0.00       0.00       1.00       1.00    
     2.0000     6.3792     3.5581     2.8139  0.118E-02  0.167E-02   0.00       0.00       1.00       1.00    
     2.0000     6.4338     3.5885     2.8303  0.118E-02  0.167E-02   0.00       0.00       1.00       1.00    
     2.0000     6.5914     3.6766     2.8720  0.118E-02  0.167E-02   0.00       0.00       1.00       1.00    
     2.0000     6.5859     3.6734     2.8701  0.118E-02  0.167E-02   0.00       0.00       1.00       1.00    
     2.0000     6.6143     3.6895     2.8784  0.118E-02  0.167E-02   0.00       0.00       1.00       1.00    
     2.0000     6.6970     3.7354     2.9022  0.118E-02  0.167E-02   0.00       0.00       1.00       1.00    
     2.0000     7.2214     4.0282     3.0501  0.118E-02  0.167E-02   0.00       0.00       1.00       1.00    
     2.0000     7.8612     4.3849     3.2601  0.118E-02  0.167E-02   0.00       0.00       1.00       1.00    
     2.0000     7.9965     4.4603     3.3086  0.118E-02  0.167E-02   0.00       0.00       1.00       1.00    
     2.0000     7.9445     4.4313     3.2924  0.118E-02  0.167E-02   0.00       0.00       1.00       1.00    
     2.0000     7.9937     4.4588     3.3081  0.118E-02  0.167E-02   0.00       0.00       1.00       1.00    
     2.0000     8.0285     4.4782     3.3173  0.118E-02  0.167E-02   0.00       0.00       1.00       1.00    
     2.0000     7.7995     4.3502     3.2401  0.118E-02  0.167E-02   0.00       0.00       1.00       1.00    
     2.0000     7.6577     4.2714     3.1927  0.118E-02  0.167E-02   0.00       0.00       1.00       1.00    
     2.0000     7.7504     4.3230     3.2237  0.118E-02  0.167E-02   0.00       0.00       1.00       1.00    
     2.0000     7.8487     4.3777     3.2580  0.118E-02  0.167E-02   0.00       0.00       1.00       1.00    
     2.0000     7.8151     4.3591     3.2485  0.118E-02  0.167E-02   0.00       0.00       1.00       1.00    
     5.0000     7.7794     4.3392     3.2360  0.118E-02  0.167E-02   0.00       0.00       1.00       1.00    
     5.0000     7.8442     4.3762     3.2560  0.118E-02  0.167E-02   0.00       0.00       1.00       1.00    
     5.0000     7.8259     4.3667     3.2493  0.118E-02  0.167E-02   0.00       0.00       1.00       1.00    
     5.0000     7.6923     4.2931     3.2063  0.118E-02  0.167E-02   0.00       0.00       1.00       1.00    
     5.0000     7.6317     4.2600     3.1872  0.118E-02  0.167E-02   0.00       0.00       1.00       1.00    
     5.0000     7.6853     4.2823     3.2044  0.118E-02  0.167E-02   0.00       0.00       1.00       1.00    
     5.0000     7.7055     4.3032     3.2106  0.118E-02  0.167E-02   0.00       0.00       1.00       1.00    
     5.0000     7.7109     4.3069     3.2125  0.118E-02  0.167E-02   0.00       0.00       1.00       1.00    
     5.0000     7.7118     4.3063     3.2129  0.118E-02  0.167E-02   0.00       0.00       1.00       1.00    
     5.0000     7.7174     4.3121     3.2148  0.118E-02  0.167E-02   0.00       0.00       1.00       1.00    
    10.0000     7.7378     4.3214     3.2216  0.118E-02  0.167E-02   0.00       0.00       1.00       1.00    
    10.0000     7.7515     4.3331     3.2260  0.118E-02  0.167E-02   0.00       0.00       1.00       1.00    
    10.0000     7.7816     4.3435     3.2360  0.862E-02  0.131E-01   0.00       0.00       1.00       1.00    
    10.0000     7.8159     4.3495     3.2475  0.862E-02  0.131E-01   0.00       0.00       1.00       1.00    
    10.0000     7.8552     4.3576     3.2605  0.855E-02  0.131E-01   0.00       0.00       1.00       1.00    
    10.0000     7.9007     4.3709     3.2757  0.847E-02  0.131E-01   0.00       0.00       1.00       1.00    
    10.0000     7.9442     4.3822     3.2903  0.847E-02  0.131E-01   0.00       0.00       1.00       1.00    
    10.0000     7.9877     4.3928     3.3049  0.833E-02  0.130E-01   0.00       0.00       1.00       1.00    
    10.0000     8.0338     4.4053     3.3209  0.826E-02  0.129E-01   0.00       0.00       1.00       1.00    
    10.0000     8.0806     4.4178     3.3375  0.813E-02  0.128E-01   0.00       0.00       1.00       1.00    
    10.0000     8.1257     4.4293     3.3535  0.806E-02  0.126E-01   0.00       0.00       1.00       1.00    
    10.0000     8.1743     4.4487     3.3709  0.474E-02  0.746E-02   0.00       0.00       1.00       1.00    
    10.0000     8.2260     4.4755     3.3893  0.472E-02  0.741E-02   0.00       0.00       1.00       1.00    
    10.0000     8.2763     4.5015     3.4074  0.469E-02  0.741E-02   0.00       0.00       1.00       1.00    
    10.0000     8.3263     4.5267     3.4253  0.467E-02  0.735E-02   0.00       0.00       1.00       1.00    
    10.0000     8.3748     4.5521     3.4428  0.465E-02  0.735E-02   0.00       0.00       1.00       1.00    
    10.0000     8.4227     4.5759     3.4600  0.463E-02  0.730E-02   0.00       0.00       1.00       1.00    
    10.0000     8.4696     4.5989     3.4769  0.461E-02  0.730E-02   0.00       0.00       1.00       1.00    
    10.0000     8.5155     4.6213     3.4933  0.459E-02  0.725E-02   0.00       0.00       1.00       1.00    
    10.0000     8.5606     4.6436     3.5087  0.455E-02  0.725E-02   0.00       0.00       1.00       1.00    
    10.0000     8.6048     4.6651     3.5239  0.452E-02  0.719E-02   0.00       0.00       1.00       1.00    
    10.0000     8.6486     4.6864     3.5389  0.450E-02  0.714E-02   0.00       0.00       1.00       1.00    
    10.0000     8.6918     4.7072     3.5537  0.448E-02  0.714E-02   0.00       0.00       1.00       1.00    
    10.0000     8.7341     4.7280     3.5683  0.446E-02  0.709E-02   0.00       0.00       1.00       1.00    
    10.0000     8.7757     4.7479     3.5826  0.442E-02  0.704E-02   0.00       0.00       1.00       1.00    
    10.0000     8.8165     4.7675     3.5967  0.441E-02  0.704E-02   0.00       0.00       1.00       1.00    
    10.0000     8.8568     4.7870     3.6106  0.439E-02  0.699E-02   0.00       0.00       1.00       1.00    
    10.0000     8.8966     4.8062     3.6244  0.435E-02  0.694E-02   0.00       0.00       1.00       1.00    
    10.0000     8.9363     4.8251     3.6381  0.433E-02  0.690E-02   0.00       0.00       1.00       1.00    
    10.0000     8.9754     4.8442     3.6516  0.431E-02  0.690E-02   0.00       0.00       1.00       1.00    
    10.0000     9.0119     4.8615     3.6648  0.427E-02  0.685E-02   0.00       0.00       1.00       1.00    
    10.0000     9.3769     5.0911     3.8108  0.388E-02  0.613E-02   0.00       0.00       1.00       1.00    
    10.0000     9.4105     5.1123     3.8242  0.388E-02  0.613E-02   0.00       0.00       1.00       1.00    
    10.0000     9.4438     5.1336     3.8375  0.386E-02  0.610E-02   0.00       0.00       1.00       1.00    
    10.0000     9.4777     5.1546     3.8511  0.386E-02  0.610E-02   0.00       0.00       1.00       1.00    
    10.0000     9.5112     5.1758     3.8643  0.385E-02  0.606E-02   0.00       0.00       1.00       1.00    
    10.0000     9.5449     5.1970     3.8771  0.385E-02  0.606E-02   0.00       0.00       1.00       1.00    
    10.0000     9.5785     5.2181     3.8898  0.383E-02  0.606E-02   0.00       0.00       1.00       1.00    
    10.0000     9.6119     5.2394     3.9025  0.383E-02  0.602E-02   0.00       0.00       1.00       1.00    
    10.0000     9.6458     5.2604     3.9154  0.383E-02  0.602E-02   0.00       0.00       1.00       1.00    
    10.0000     9.6794     5.2816     3.9282  0.382E-02  0.599E-02   0.00       0.00       1.00       1.00    
    10.0000     9.7130     5.3029     3.9409  0.382E-02  0.599E-02   0.00       0.00       1.00       1.00    
    10.0000     9.7466     5.3242     3.9537  0.380E-02  0.599E-02   0.00       0.00       1.00       1.00    
    10.0000     9.7799     5.3454     3.9664  0.380E-02  0.595E-02   0.00       0.00       1.00       1.00    
    10.0000     9.8137     5.3669     3.9792  0.380E-02  0.595E-02   0.00       0.00       1.00       1.00    
    10.0000     9.8473     5.3883     3.9920  0.379E-02  0.592E-02   0.00       0.00       1.00       1.00    
    10.0000     9.8808     5.4094     4.0047  0.379E-02  0.592E-02   0.00       0.00       1.00       1.00    
     0.0000     9.9144     5.4306     4.0175  0.377E-02  0.592E-02   0.00       0.00       1.00       1.00    
