MODEL.01
 
ISOTROPIC
KGS
SPHERICAL EARTH
1-D
CONSTANT VELOCITY
LINE08
LINE09
LINE10
LINE11
      H(KM)   VP(KM/S)   VS(KM/S) RHO(GM/CC)     QP         QS       ETAP       ETAS      FREFP      FREFS    
     2.0000     5.7586     3.2118     2.6529  0.118E-02  0.167E-02   0.00       0.00       1.00       1.00    
     2.0000     6.3966     3.5681     2.8176  0.118E-02  0.167E-02   0.00       0.00       1.00       1.00    
     2.0000     6.5640     3.6612     2.8657  0.118E-02  0.167E-02   0.00       0.00       1.00       1.00    
     2.0000     6.2910     3.5091     2.7887  0.118E-02  0.167E-02   0.00       0.00       1.00       1.00    
     2.0000     6.3894     3.5641     2.8181  0.118E-02  0.167E-02   0.00       0.00       1.00       1.00    
     2.0000     6.1520     3.4317     2.7468  0.118E-02  0.167E-02   0.00       0.00       1.00       1.00    
     2.0000     6.2199     3.4694     2.7655  0.118E-02  0.167E-02   0.00       0.00       1.00       1.00    
     2.0000     6.3177     3.5239     2.7947  0.118E-02  0.167E-02   0.00       0.00       1.00       1.00    
     2.0000     6.4068     3.5735     2.8213  0.118E-02  0.167E-02   0.00       0.00       1.00       1.00    
     2.0000     6.4497     3.5973     2.8345  0.118E-02  0.167E-02   0.00       0.00       1.00       1.00    
     2.0000     6.6660     3.7183     2.8920  0.118E-02  0.167E-02   0.00       0.00       1.00       1.00    
     2.0000     6.6646     3.7173     2.8918  0.118E-02  0.167E-02   0.00       0.00       1.00       1.00    
     2.0000     6.6467     3.7075     2.8879  0.118E-02  0.167E-02   0.00       0.00       1.00       1.00    
     2.0000     6.6772     3.7245     2.8961  0.118E-02  0.167E-02   0.00       0.00       1.00       1.00    
     2.0000     7.2268     4.0311     3.0526  0.118E-02  0.167E-02   0.00       0.00       1.00       1.00    
     2.0000     7.9095     4.4118     3.2788  0.118E-02  0.167E-02   0.00       0.00       1.00       1.00    
     2.0000     7.9957     4.4599     3.3087  0.118E-02  0.167E-02   0.00       0.00       1.00       1.00    
     2.0000     7.9116     4.4130     3.2805  0.118E-02  0.167E-02   0.00       0.00       1.00       1.00    
     2.0000     7.9552     4.4372     3.2958  0.118E-02  0.167E-02   0.00       0.00       1.00       1.00    
     2.0000     8.0580     4.4946     3.3309  0.118E-02  0.167E-02   0.00       0.00       1.00       1.00    
     2.0000     7.8063     4.3540     3.2447  0.118E-02  0.167E-02   0.00       0.00       1.00       1.00    
     2.0000     7.6536     4.2692     3.1928  0.118E-02  0.167E-02   0.00       0.00       1.00       1.00    
     2.0000     7.7518     4.3239     3.2261  0.118E-02  0.167E-02   0.00       0.00       1.00       1.00    
     2.0000     7.8245     4.3643     3.2511  0.118E-02  0.167E-02   0.00       0.00       1.00       1.00    
     2.0000     7.7470     4.3213     3.2254  0.118E-02  0.167E-02   0.00       0.00       1.00       1.00    
     5.0000     7.7430     4.3189     3.2233  0.118E-02  0.167E-02   0.00       0.00       1.00       1.00    
     5.0000     7.8629     4.3864     3.2630  0.118E-02  0.167E-02   0.00       0.00       1.00       1.00    
     5.0000     7.8702     4.3913     3.2649  0.118E-02  0.167E-02   0.00       0.00       1.00       1.00    
     5.0000     7.6689     4.2801     3.1977  0.118E-02  0.167E-02   0.00       0.00       1.00       1.00    
     5.0000     7.5566     4.2181     3.1607  0.118E-02  0.167E-02   0.00       0.00       1.00       1.00    
     5.0000     7.6441     4.2593     3.1898  0.118E-02  0.167E-02   0.00       0.00       1.00       1.00    
     5.0000     7.6895     4.2942     3.2046  0.118E-02  0.167E-02   0.00       0.00       1.00       1.00    
     5.0000     7.6965     4.2988     3.2069  0.118E-02  0.167E-02   0.00       0.00       1.00       1.00    
     5.0000     7.6953     4.2970     3.2066  0.118E-02  0.167E-02   0.00       0.00       1.00       1.00    
     5.0000     7.6989     4.3018     3.2079  0.118E-02  0.167E-02   0.00       0.00       1.00       1.00    
    10.0000     7.7217     4.3125     3.2156  0.118E-02  0.167E-02   0.00       0.00       1.00       1.00    
    10.0000     7.7450     4.3294     3.2234  0.118E-02  0.167E-02   0.00       0.00       1.00       1.00    
    10.0000     7.7803     4.3427     3.2353  0.862E-02  0.131E-01   0.00       0.00       1.00       1.00    
    10.0000     7.8191     4.3514     3.2484  0.862E-02  0.131E-01   0.00       0.00       1.00       1.00    
    10.0000     7.8679     4.3648     3.2648  0.855E-02  0.131E-01   0.00       0.00       1.00       1.00    
    10.0000     7.9225     4.3829     3.2832  0.847E-02  0.131E-01   0.00       0.00       1.00       1.00    
    10.0000     7.9732     4.3983     3.3003  0.847E-02  0.131E-01   0.00       0.00       1.00       1.00    
    10.0000     8.0230     4.4120     3.3176  0.833E-02  0.130E-01   0.00       0.00       1.00       1.00    
    10.0000     8.0772     4.4292     3.3369  0.826E-02  0.129E-01   0.00       0.00       1.00       1.00    
    10.0000     8.1319     4.4457     3.3564  0.813E-02  0.128E-01   0.00       0.00       1.00       1.00    
    10.0000     8.1835     4.4606     3.3748  0.806E-02  0.126E-01   0.00       0.00       1.00       1.00    
    10.0000     8.2372     4.4829     3.3941  0.474E-02  0.746E-02   0.00       0.00       1.00       1.00    
    10.0000     8.2927     4.5118     3.4140  0.472E-02  0.741E-02   0.00       0.00       1.00       1.00    
    10.0000     8.3456     4.5393     3.4329  0.469E-02  0.741E-02   0.00       0.00       1.00       1.00    
    10.0000     8.3975     4.5654     3.4516  0.467E-02  0.735E-02   0.00       0.00       1.00       1.00    
    10.0000     8.4467     4.5912     3.4693  0.465E-02  0.735E-02   0.00       0.00       1.00       1.00    
    10.0000     8.4944     4.6149     3.4864  0.463E-02  0.730E-02   0.00       0.00       1.00       1.00    
    10.0000     8.5401     4.6373     3.5022  0.461E-02  0.730E-02   0.00       0.00       1.00       1.00    
    10.0000     8.5838     4.6586     3.5171  0.459E-02  0.725E-02   0.00       0.00       1.00       1.00    
    10.0000     8.6260     4.6791     3.5315  0.455E-02  0.725E-02   0.00       0.00       1.00       1.00    
    10.0000     8.6665     4.6986     3.5454  0.452E-02  0.719E-02   0.00       0.00       1.00       1.00    
    10.0000     8.7057     4.7175     3.5588  0.450E-02  0.714E-02   0.00       0.00       1.00       1.00    
    10.0000     8.7443     4.7358     3.5720  0.448E-02  0.714E-02   0.00       0.00       1.00       1.00    
    10.0000     8.7812     4.7535     3.5847  0.446E-02  0.709E-02   0.00       0.00       1.00       1.00    
    10.0000     8.8163     4.7698     3.5967  0.442E-02  0.704E-02   0.00       0.00       1.00       1.00    
    10.0000     8.8497     4.7855     3.6082  0.441E-02  0.704E-02   0.00       0.00       1.00       1.00    
    10.0000     8.8824     4.8008     3.6195  0.439E-02  0.699E-02   0.00       0.00       1.00       1.00    
    10.0000     8.9139     4.8155     3.6304  0.435E-02  0.694E-02   0.00       0.00       1.00       1.00    
    10.0000     8.9452     4.8299     3.6412  0.433E-02  0.690E-02   0.00       0.00       1.00       1.00    
    10.0000     8.9754     4.8442     3.6516  0.431E-02  0.690E-02   0.00       0.00       1.00       1.00    
    10.0000     9.0119     4.8615     3.6648  0.427E-02  0.685E-02   0.00       0.00       1.00       1.00    
    10.0000     9.3769     5.0911     3.8108  0.388E-02  0.613E-02   0.00       0.00       1.00       1.00    
    10.0000     9.4105     5.1123     3.8242  0.388E-02  0.613E-02   0.00       0.00       1.00       1.00    
    10.0000     9.4438     5.1336     3.8375  0.386E-02  0.610E-02   0.00       0.00       1.00       1.00    
    10.0000     9.4777     5.1546     3.8511  0.386E-02  0.610E-02   0.00       0.00       1.00       1.00    
    10.0000     9.5112     5.1758     3.8643  0.385E-02  0.606E-02   0.00       0.00       1.00       1.00    
    10.0000     9.5449     5.1970     3.8771  0.385E-02  0.606E-02   0.00       0.00       1.00       1.00    
    10.0000     9.5785     5.2181     3.8898  0.383E-02  0.606E-02   0.00       0.00       1.00       1.00    
    10.0000     9.6119     5.2394     3.9025  0.383E-02  0.602E-02   0.00       0.00       1.00       1.00    
    10.0000     9.6458     5.2604     3.9154  0.383E-02  0.602E-02   0.00       0.00       1.00       1.00    
    10.0000     9.6794     5.2816     3.9282  0.382E-02  0.599E-02   0.00       0.00       1.00       1.00    
    10.0000     9.7130     5.3029     3.9409  0.382E-02  0.599E-02   0.00       0.00       1.00       1.00    
    10.0000     9.7466     5.3242     3.9537  0.380E-02  0.599E-02   0.00       0.00       1.00       1.00    
    10.0000     9.7799     5.3454     3.9664  0.380E-02  0.595E-02   0.00       0.00       1.00       1.00    
    10.0000     9.8137     5.3669     3.9792  0.380E-02  0.595E-02   0.00       0.00       1.00       1.00    
    10.0000     9.8473     5.3883     3.9920  0.379E-02  0.592E-02   0.00       0.00       1.00       1.00    
    10.0000     9.8808     5.4094     4.0047  0.379E-02  0.592E-02   0.00       0.00       1.00       1.00    
     0.0000     9.9144     5.4306     4.0175  0.377E-02  0.592E-02   0.00       0.00       1.00       1.00    
