MODEL.01
 
ISOTROPIC
KGS
SPHERICAL EARTH
1-D
CONSTANT VELOCITY
LINE08
LINE09
LINE10
LINE11
      H(KM)   VP(KM/S)   VS(KM/S) RHO(GM/CC)     QP         QS       ETAP       ETAS      FREFP      FREFS    
     2.0000     5.7374     3.1999     2.6485  0.118E-02  0.167E-02   0.00       0.00       1.00       1.00    
     2.0000     6.4140     3.5777     2.8229  0.118E-02  0.167E-02   0.00       0.00       1.00       1.00    
     2.0000     6.5759     3.6678     2.8690  0.118E-02  0.167E-02   0.00       0.00       1.00       1.00    
     2.0000     6.2727     3.4989     2.7831  0.118E-02  0.167E-02   0.00       0.00       1.00       1.00    
     2.0000     6.3728     3.5547     2.8131  0.118E-02  0.167E-02   0.00       0.00       1.00       1.00    
     2.0000     6.1376     3.4237     2.7423  0.118E-02  0.167E-02   0.00       0.00       1.00       1.00    
     2.0000     6.2274     3.4736     2.7676  0.118E-02  0.167E-02   0.00       0.00       1.00       1.00    
     2.0000     6.3257     3.5283     2.7971  0.118E-02  0.167E-02   0.00       0.00       1.00       1.00    
     2.0000     6.4168     3.5791     2.8243  0.118E-02  0.167E-02   0.00       0.00       1.00       1.00    
     2.0000     6.4550     3.6002     2.8361  0.118E-02  0.167E-02   0.00       0.00       1.00       1.00    
     2.0000     6.6820     3.7274     2.8963  0.118E-02  0.167E-02   0.00       0.00       1.00       1.00    
     2.0000     6.6783     3.7249     2.8955  0.118E-02  0.167E-02   0.00       0.00       1.00       1.00    
     2.0000     6.6501     3.7094     2.8888  0.118E-02  0.167E-02   0.00       0.00       1.00       1.00    
     2.0000     6.6769     3.7244     2.8960  0.118E-02  0.167E-02   0.00       0.00       1.00       1.00    
     2.0000     7.2259     4.0306     3.0524  0.118E-02  0.167E-02   0.00       0.00       1.00       1.00    
     2.0000     7.9131     4.4138     3.2802  0.118E-02  0.167E-02   0.00       0.00       1.00       1.00    
     2.0000     7.9929     4.4584     3.3079  0.118E-02  0.167E-02   0.00       0.00       1.00       1.00    
     2.0000     7.9052     4.4094     3.2783  0.118E-02  0.167E-02   0.00       0.00       1.00       1.00    
     2.0000     7.9435     4.4307     3.2918  0.118E-02  0.167E-02   0.00       0.00       1.00       1.00    
     2.0000     8.0564     4.4938     3.3305  0.118E-02  0.167E-02   0.00       0.00       1.00       1.00    
     2.0000     7.7993     4.3500     3.2424  0.118E-02  0.167E-02   0.00       0.00       1.00       1.00    
     2.0000     7.6468     4.2653     3.1905  0.118E-02  0.167E-02   0.00       0.00       1.00       1.00    
     2.0000     7.7458     4.3206     3.2241  0.118E-02  0.167E-02   0.00       0.00       1.00       1.00    
     2.0000     7.8152     4.3591     3.2480  0.118E-02  0.167E-02   0.00       0.00       1.00       1.00    
     2.0000     7.7320     4.3130     3.2201  0.118E-02  0.167E-02   0.00       0.00       1.00       1.00    
     5.0000     7.7364     4.3153     3.2209  0.118E-02  0.167E-02   0.00       0.00       1.00       1.00    
     5.0000     7.8668     4.3885     3.2644  0.118E-02  0.167E-02   0.00       0.00       1.00       1.00    
     5.0000     7.8814     4.3974     3.2687  0.118E-02  0.167E-02   0.00       0.00       1.00       1.00    
     5.0000     7.6671     4.2791     3.1969  0.118E-02  0.167E-02   0.00       0.00       1.00       1.00    
     5.0000     7.5413     4.2096     3.1553  0.118E-02  0.167E-02   0.00       0.00       1.00       1.00    
     5.0000     7.6360     4.2547     3.1869  0.118E-02  0.167E-02   0.00       0.00       1.00       1.00    
     5.0000     7.6873     4.2930     3.2039  0.118E-02  0.167E-02   0.00       0.00       1.00       1.00    
     5.0000     7.6953     4.2981     3.2065  0.118E-02  0.167E-02   0.00       0.00       1.00       1.00    
     5.0000     7.6935     4.2960     3.2059  0.118E-02  0.167E-02   0.00       0.00       1.00       1.00    
     5.0000     7.6963     4.3004     3.2069  0.118E-02  0.167E-02   0.00       0.00       1.00       1.00    
    10.0000     7.7193     4.3113     3.2148  0.118E-02  0.167E-02   0.00       0.00       1.00       1.00    
    10.0000     7.7446     4.3290     3.2232  0.118E-02  0.167E-02   0.00       0.00       1.00       1.00    
    10.0000     7.7803     4.3427     3.2353  0.862E-02  0.131E-01   0.00       0.00       1.00       1.00    
    10.0000     7.8197     4.3518     3.2487  0.862E-02  0.131E-01   0.00       0.00       1.00       1.00    
    10.0000     7.8705     4.3662     3.2658  0.855E-02  0.131E-01   0.00       0.00       1.00       1.00    
    10.0000     7.9269     4.3854     3.2848  0.847E-02  0.131E-01   0.00       0.00       1.00       1.00    
    10.0000     7.9790     4.4015     3.3024  0.847E-02  0.131E-01   0.00       0.00       1.00       1.00    
    10.0000     8.0300     4.4158     3.3202  0.833E-02  0.130E-01   0.00       0.00       1.00       1.00    
    10.0000     8.0862     4.4340     3.3403  0.826E-02  0.129E-01   0.00       0.00       1.00       1.00    
    10.0000     8.1425     4.4516     3.3604  0.813E-02  0.128E-01   0.00       0.00       1.00       1.00    
    10.0000     8.1957     4.4673     3.3794  0.806E-02  0.126E-01   0.00       0.00       1.00       1.00    
    10.0000     8.2507     4.4902     3.3991  0.474E-02  0.746E-02   0.00       0.00       1.00       1.00    
    10.0000     8.3071     4.5197     3.4193  0.472E-02  0.741E-02   0.00       0.00       1.00       1.00    
    10.0000     8.3607     4.5475     3.4386  0.469E-02  0.741E-02   0.00       0.00       1.00       1.00    
    10.0000     8.4130     4.5738     3.4573  0.467E-02  0.735E-02   0.00       0.00       1.00       1.00    
    10.0000     8.4625     4.5999     3.4751  0.465E-02  0.735E-02   0.00       0.00       1.00       1.00    
    10.0000     8.5102     4.6236     3.4922  0.463E-02  0.730E-02   0.00       0.00       1.00       1.00    
    10.0000     8.5558     4.6458     3.5077  0.461E-02  0.730E-02   0.00       0.00       1.00       1.00    
    10.0000     8.5992     4.6669     3.5225  0.459E-02  0.725E-02   0.00       0.00       1.00       1.00    
    10.0000     8.6406     4.6871     3.5366  0.455E-02  0.725E-02   0.00       0.00       1.00       1.00    
    10.0000     8.6803     4.7062     3.5502  0.452E-02  0.719E-02   0.00       0.00       1.00       1.00    
    10.0000     8.7187     4.7245     3.5633  0.450E-02  0.714E-02   0.00       0.00       1.00       1.00    
    10.0000     8.7562     4.7422     3.5761  0.448E-02  0.714E-02   0.00       0.00       1.00       1.00    
    10.0000     8.7919     4.7593     3.5884  0.446E-02  0.709E-02   0.00       0.00       1.00       1.00    
    10.0000     8.8255     4.7748     3.5999  0.442E-02  0.704E-02   0.00       0.00       1.00       1.00    
    10.0000     8.8573     4.7896     3.6109  0.441E-02  0.704E-02   0.00       0.00       1.00       1.00    
    10.0000     8.8883     4.8040     3.6215  0.439E-02  0.699E-02   0.00       0.00       1.00       1.00    
    10.0000     8.9179     4.8176     3.6317  0.435E-02  0.694E-02   0.00       0.00       1.00       1.00    
    10.0000     8.9472     4.8311     3.6419  0.433E-02  0.690E-02   0.00       0.00       1.00       1.00    
    10.0000     8.9754     4.8442     3.6516  0.431E-02  0.690E-02   0.00       0.00       1.00       1.00    
    10.0000     9.0119     4.8615     3.6648  0.427E-02  0.685E-02   0.00       0.00       1.00       1.00    
    10.0000     9.3769     5.0911     3.8108  0.388E-02  0.613E-02   0.00       0.00       1.00       1.00    
    10.0000     9.4105     5.1123     3.8242  0.388E-02  0.613E-02   0.00       0.00       1.00       1.00    
    10.0000     9.4438     5.1336     3.8375  0.386E-02  0.610E-02   0.00       0.00       1.00       1.00    
    10.0000     9.4777     5.1546     3.8511  0.386E-02  0.610E-02   0.00       0.00       1.00       1.00    
    10.0000     9.5112     5.1758     3.8643  0.385E-02  0.606E-02   0.00       0.00       1.00       1.00    
    10.0000     9.5449     5.1970     3.8771  0.385E-02  0.606E-02   0.00       0.00       1.00       1.00    
    10.0000     9.5785     5.2181     3.8898  0.383E-02  0.606E-02   0.00       0.00       1.00       1.00    
    10.0000     9.6119     5.2394     3.9025  0.383E-02  0.602E-02   0.00       0.00       1.00       1.00    
    10.0000     9.6458     5.2604     3.9154  0.383E-02  0.602E-02   0.00       0.00       1.00       1.00    
    10.0000     9.6794     5.2816     3.9282  0.382E-02  0.599E-02   0.00       0.00       1.00       1.00    
    10.0000     9.7130     5.3029     3.9409  0.382E-02  0.599E-02   0.00       0.00       1.00       1.00    
    10.0000     9.7466     5.3242     3.9537  0.380E-02  0.599E-02   0.00       0.00       1.00       1.00    
    10.0000     9.7799     5.3454     3.9664  0.380E-02  0.595E-02   0.00       0.00       1.00       1.00    
    10.0000     9.8137     5.3669     3.9792  0.380E-02  0.595E-02   0.00       0.00       1.00       1.00    
    10.0000     9.8473     5.3883     3.9920  0.379E-02  0.592E-02   0.00       0.00       1.00       1.00    
    10.0000     9.8808     5.4094     4.0047  0.379E-02  0.592E-02   0.00       0.00       1.00       1.00    
     0.0000     9.9144     5.4306     4.0175  0.377E-02  0.592E-02   0.00       0.00       1.00       1.00    
