# Energy
#
# simulation setup: 
#   using     elastic wavefield  -  P-SV waves
#
#   NTSTEP_BETWEEN_OUTPUT_ENERGY :     100
#
# format:
#time  #E_kin(kinetic energy)  #E_pot(potential energy)  #E_tot(total energy)
  -1.20299999E-02   8.72202492       16.3689461       25.0909710    
  -9.03000031E-03   8290.15234       19007.7441       27297.8965    
  -6.02999981E-03   428411.656       1431496.00       1859907.62    
  -3.03000002E-03   968718.750       3093487.00       4062205.75    
  -2.99999992E-05   10223756.0       18850822.0       29074578.0    
   2.97000003E-03   13861886.0       17628578.0       31490464.0    
   5.96999982E-03   20001078.0       21858352.0       41859432.0    
   8.96999985E-03   19342978.0       20298296.0       39641272.0    
   1.19700003E-02   18759086.0       18684906.0       37443992.0    
   1.49699999E-02   17525792.0       17325524.0       34851316.0    
   1.79699995E-02   16019830.0       15861629.0       31881460.0    
   2.09700000E-02   14016071.0       14278163.0       28294234.0    
   2.39700004E-02   12578340.0       12423792.0       25002132.0    
   2.69699991E-02   10270259.0       10857029.0       21127288.0    
   2.99699996E-02   10079291.0       10076720.0       20156012.0    
   3.29700001E-02   9791853.00       9910646.00       19702500.0    
   3.59699987E-02   9814262.00       9808539.00       19622800.0    
   3.89700010E-02   9770283.00       9812152.00       19582436.0    
   4.19699997E-02   9773912.00       9781813.00       19555724.0    
   4.49699983E-02   9763150.00       9747815.00       19510964.0    
   4.79700007E-02   9731331.00       9744092.00       19475424.0    
   5.09699993E-02   9730909.00       9706594.00       19437504.0    
   5.39700016E-02   9694805.00       9698617.00       19393422.0    
   5.69700003E-02   9681486.00       9675315.00       19356800.0    
   5.99699989E-02   9656402.00       9643383.00       19299784.0    
   6.29699975E-02   9632171.00       9629210.00       19261380.0    
   6.59700036E-02   9618584.00       9611466.00       19230050.0    
   6.89700022E-02   9610926.00       9613198.00       19224124.0    
   7.19700009E-02   9604706.00       9610933.00       19215640.0    
   7.49699995E-02   9606507.00       9593203.00       19199710.0    
   7.79699981E-02   9588371.00       9576807.00       19165178.0    
   8.09699968E-02   9571793.00       9558646.00       19130440.0    
   8.39700028E-02   9545129.00       9539764.00       19084892.0    
   8.69700015E-02   9532009.00       9534862.00       19066872.0    
   8.99700001E-02   9524901.00       9519499.00       19044400.0    
   9.29699987E-02   9515653.00       9507939.00       19023592.0    
   9.59699973E-02   9492935.00       9489753.00       18982688.0    
   9.89700034E-02   9461953.00       9455843.00       18917796.0    
  0.101970002       9416899.00       9423755.00       18840654.0    
  0.104970001       9387933.00       9395169.00       18783102.0    
  0.107969999       9372668.00       9362679.00       18735348.0    
  0.110969998       9331153.00       9337851.00       18669004.0    
  0.113969997       9314487.00       9323662.00       18638148.0    
  0.116970003       9285694.00       9284287.00       18569980.0    
  0.119970001       9264380.00       9290530.00       18554910.0    
  0.122970000       9217219.00       9228170.00       18445388.0    
  0.125970006       9186630.00       9186440.00       18373070.0    
  0.128969997       9105361.00       9128349.00       18233710.0    
  0.131970003       9082694.00       9111978.00       18194672.0    
  0.134969994       9064406.00       9083820.00       18148226.0    
  0.137970001       9050497.00       9081010.00       18131508.0    
  0.140970007       9033886.00       9040229.00       18074116.0    
  0.143969998       9013441.00       9052468.00       18065908.0    
  0.146970004       8987917.00       9008583.00       17996500.0    
  0.149969995       8951436.00       8977993.00       17929428.0    
  0.152970001       8897987.00       8956622.00       17854608.0    
  0.155970007       8876445.00       8859340.00       17735784.0    
  0.158969998       8791616.00       8860751.00       17652368.0    
  0.161970004       8774101.00       8790949.00       17565050.0    
  0.164969996       8737034.00       8756149.00       17493184.0    
  0.167970002       8697773.00       8769495.00       17467268.0    
  0.170969993       8706558.00       8701495.00       17408052.0    
  0.173969999       8677354.00       8734273.00       17411628.0    
  0.176970005       8676666.00       8705523.00       17382188.0    
  0.179969996       8670987.00       8691557.00       17362544.0    
  0.182970002       8646759.00       8720691.00       17367450.0    
  0.185969993       8663841.00       8655744.00       17319584.0    
  0.188970000       8623033.00       8674813.00       17297846.0    
  0.191970006       8618006.00       8650451.00       17268456.0    
  0.194969997       8591114.00       8606268.00       17197382.0    
  0.197970003       8559010.00       8626669.00       17185680.0    
  0.200969994       8563339.00       8565337.00       17128676.0    
  0.203970000       8519303.00       8563687.00       17082990.0    
  0.206970006       8503598.00       8520745.00       17024344.0    
  0.209969997       8473661.00       8486786.00       16960448.0    
  0.212970003       8391656.00       8436993.00       16828648.0    
  0.215969995       8287253.00       8270254.50       16557508.0    
  0.218970001       8179935.50       8219332.00       16399268.0    
  0.221970007       7907320.50       7917499.50       15824820.0    
  0.224969998       7774840.00       7823529.00       15598369.0    
  0.227970004       7406951.50       7459604.50       14866556.0    
  0.230969995       7299869.00       7351843.00       14651712.0    
  0.233970001       7108112.00       7146635.50       14254748.0    
  0.236970007       7034149.00       7051216.50       14085366.0    
  0.239969999       6976755.00       6993751.00       13970506.0    
  0.242970005       6906673.50       6937972.50       13844646.0    
  0.245969996       6841706.00       6843662.00       13685368.0    
  0.248970002       6799219.50       6818796.50       13618016.0    
  0.251969993       6767503.00       6789866.50       13557370.0    
  0.254970014       6742139.50       6740473.50       13482613.0    
  0.257970005       6702216.00       6728526.00       13430742.0    
  0.260969996       6692675.00       6701381.00       13394056.0    
  0.263969988       6667020.50       6670997.50       13338018.0    
  0.266970009       6654282.50       6660378.00       13314660.0    
  0.269970000       6642986.00       6643760.00       13286746.0    
  0.272969991       6613034.50       6644150.00       13257184.0    
  0.275970012       6613002.50       6619204.50       13232207.0    
  0.278970003       6608938.00       6603643.50       13212582.0    
  0.281969994       6592073.00       6602451.00       13194524.0    
  0.284969985       6591049.50       6587528.50       13178578.0    
  0.287970006       6572059.50       6584505.00       13156564.0    
  0.290969998       6568431.00       6572336.00       13140767.0    
  0.293969989       6560060.50       6568918.00       13128978.0    
  0.296970010       6550194.50       6563382.00       13113576.0    
  0.299970001       6554287.50       6540635.00       13094922.0    
  0.302969992       6538069.50       6544125.50       13082195.0    
  0.305970013       6520528.00       6547870.50       13068398.0    
  0.308970004       6527949.00       6522658.50       13050608.0    
  0.311969995       6519003.50       6518159.00       13037162.0    
  0.314969987       6507207.00       6512861.00       13020068.0    
  0.317970008       6500812.50       6503154.50       13003967.0    
  0.320969999       6491964.00       6496448.00       12988412.0    
  0.323969990       6482597.00       6487151.00       12969748.0    
  0.326970011       6477783.00       6472179.00       12949962.0    
  0.329970002       6475022.00       6455126.50       12930148.0    
  0.332969993       6454027.00       6453639.50       12907666.0    
  0.335970014       6434006.00       6446047.50       12880054.0    
  0.338970006       6431492.00       6421704.00       12853196.0    
  0.341969997       6410864.00       6410521.00       12821385.0    
  0.344969988       6387502.00       6394497.00       12781999.0    
  0.347970009       6383071.50       6361548.00       12744620.0    
  0.350970000       6345866.50       6349983.50       12695850.0    
  0.353969991       6306664.50       6328764.00       12635428.0    
  0.356970012       6306318.50       6272781.00       12579100.0    
  0.359970003       6242938.00       6246349.00       12489287.0    
  0.362969995       6185630.50       6194109.00       12379740.0    
  0.365969986       6159626.50       6098603.00       12258230.0    
  0.368970007       6006040.50       6049268.50       12055309.0    
  0.371969998       5929910.00       5836139.50       11766050.0    
  0.374969989       5644981.50       5641507.00       11286488.0    
  0.377970010       5356631.50       5370429.50       10727061.0    
  0.380970001       5079831.00       4773466.00       9853297.00    
  0.383969992       3590235.25       3654951.00       7245186.00    
