# Energy
#
# simulation setup: 
#   using     elastic wavefield  -  P-SV waves
#
#   NTSTEP_BETWEEN_OUTPUT_ENERGY :     100
#
# format:
#time  #E_kin(kinetic energy)  #E_pot(potential energy)  #E_tot(total energy)
  -1.20299999E-02   8.72202492       16.3689461       25.0909710    
  -9.03000031E-03   8290.15039       19007.7480       27297.8984    
  -6.02999981E-03   428411.594       1431496.25       1859907.88    
  -3.03000002E-03   968596.688       3093608.75       4062205.50    
  -2.99999992E-05   10210881.0       18863886.0       29074768.0    
   2.97000003E-03   13942754.0       17554216.0       31496970.0    
   5.96999982E-03   19778794.0       22086508.0       41865304.0    
   8.96999985E-03   19685396.0       20000072.0       39685468.0    
   1.19700003E-02   18751702.0       18721110.0       37472812.0    
   1.49699999E-02   17371608.0       17522416.0       34894024.0    
   1.79699995E-02   16073868.0       15740890.0       31814758.0    
   2.09700000E-02   14122420.0       14247615.0       28370036.0    
   2.39700004E-02   12639181.0       12331563.0       24970744.0    
   2.69699991E-02   10228980.0       10959855.0       21188836.0    
   2.99699996E-02   10031533.0       10100811.0       20132344.0    
   3.29700001E-02   9802496.00       9863810.00       19666306.0    
   3.59699987E-02   9766433.00       9791611.00       19558044.0    
   3.89700010E-02   9744970.00       9771305.00       19516276.0    
   4.19699997E-02   9738317.00       9754492.00       19492808.0    
   4.49699983E-02   9736369.00       9734135.00       19470504.0    
   4.79700007E-02   9732284.00       9722428.00       19454712.0    
   5.09699993E-02   9722903.00       9716679.00       19439582.0    
   5.39700016E-02   9710355.00       9709121.00       19419476.0    
   5.69700003E-02   9700026.00       9697095.00       19397120.0    
   5.99699989E-02   9673412.00       9664248.00       19337660.0    
   6.29699975E-02   9654152.00       9648036.00       19302188.0    
   6.59700036E-02   9634565.00       9630849.00       19265414.0    
   6.89700022E-02   9627280.00       9625291.00       19252572.0    
   7.19700009E-02   9613113.00       9624681.00       19237794.0    
   7.49699995E-02   9614915.00       9609358.00       19224272.0    
   7.79699981E-02   9594942.00       9589952.00       19184894.0    
   8.09699968E-02   9570928.00       9567905.00       19138832.0    
   8.39700028E-02   9536442.00       9536552.00       19072994.0    
   8.69700015E-02   9523183.00       9526956.00       19050140.0    
   8.99700001E-02   9514118.00       9511171.00       19025288.0    
   9.29699987E-02   9509742.00       9506938.00       19016680.0    
   9.59699973E-02   9494789.00       9491915.00       18986704.0    
   9.89700034E-02   9467918.00       9458484.00       18926402.0    
  0.101970002       9427294.00       9444160.00       18871454.0    
  0.104970001       9421772.00       9412694.00       18834466.0    
  0.107969999       9400542.00       9404851.00       18805392.0    
  0.110969998       9387329.00       9382592.00       18769920.0    
  0.113969997       9348882.00       9346110.00       18694992.0    
  0.116970003       9298922.00       9308722.00       18607644.0    
  0.119970001       9273231.00       9273042.00       18546272.0    
  0.122970000       9257738.00       9251752.00       18509490.0    
  0.125970006       9210114.00       9202602.00       18412716.0    
  0.128969997       9175951.00       9170795.00       18346746.0    
  0.131970003       9119305.00       9122414.00       18241720.0    
  0.134969994       9096668.00       9094269.00       18190936.0    
  0.137970001       9042805.00       9050028.00       18092832.0    
  0.140970007       9032843.00       9014645.00       18047488.0    
  0.143969998       8980047.00       8990603.00       17970650.0    
  0.146970004       8957146.00       8953775.00       17910920.0    
  0.149969995       8912715.00       8916684.00       17829400.0    
  0.152970001       8876072.00       8889523.00       17765596.0    
  0.155970007       8850191.00       8835603.00       17685794.0    
  0.158969998       8795867.00       8795366.00       17591232.0    
  0.161970004       8748436.00       8763290.00       17511726.0    
  0.164969996       8716174.00       8712943.00       17429116.0    
  0.167970002       8689372.00       8688824.00       17378196.0    
  0.170969993       8660231.00       8657711.00       17317942.0    
  0.173969999       8641746.00       8640549.00       17282296.0    
  0.176970005       8626706.00       8632091.00       17258796.0    
  0.179969996       8614105.00       8616618.00       17230724.0    
  0.182970002       8599768.00       8600471.00       17200240.0    
  0.185969993       8587860.00       8589209.00       17177068.0    
  0.188970000       8567793.00       8566270.00       17134064.0    
  0.191970006       8552169.00       8549011.00       17101180.0    
  0.194969997       8533858.00       8540983.00       17074840.0    
  0.197970003       8524930.00       8531735.00       17056664.0    
  0.200969994       8519790.00       8520013.00       17039804.0    
  0.203970000       8517508.00       8510530.00       17028038.0    
  0.206970006       8508333.00       8503835.00       17012168.0    
  0.209969997       8500649.00       8495189.00       16995838.0    
  0.212970003       8445518.00       8439819.00       16885336.0    
  0.215969995       8379905.00       8343251.50       16723156.0    
  0.218970001       8307147.50       8267491.50       16574639.0    
  0.221970007       8020631.50       8001628.00       16022260.0    
  0.224969998       7881699.00       7881529.50       15763228.0    
  0.227970004       7466508.00       7478054.00       14944562.0    
  0.230969995       7347458.00       7385959.00       14733417.0    
  0.233970001       7118247.00       7152867.00       14271114.0    
  0.236970007       7054705.50       7049108.00       14103814.0    
  0.239969999       6995020.50       6999248.00       13994268.0    
  0.242970005       6935639.00       6937202.00       13872841.0    
  0.245969996       6840549.00       6853778.00       13694327.0    
  0.248970002       6804234.50       6810173.50       13614408.0    
  0.251969993       6771373.00       6773559.50       13544932.0    
  0.254970014       6750620.00       6748855.50       13499476.0    
  0.257970005       6704747.00       6719491.50       13424238.0    
  0.260969996       6690139.50       6693583.50       13383723.0    
  0.263969988       6681793.50       6677062.00       13358856.0    
  0.266970009       6660769.50       6660837.50       13321607.0    
  0.269970000       6648053.50       6647453.00       13295506.0    
  0.272969991       6637120.00       6644838.00       13281958.0    
  0.275970012       6626907.00       6641109.50       13268016.0    
  0.278970003       6624423.00       6627466.50       13251890.0    
  0.281969994       6624450.50       6619256.50       13243707.0    
  0.284969985       6619122.50       6617727.50       13236850.0    
  0.287970006       6613225.50       6618489.00       13231714.0    
  0.290969998       6609043.00       6612303.00       13221346.0    
  0.293969989       6610316.00       6607100.00       13217416.0    
  0.296970010       6605040.50       6610373.00       13215414.0    
  0.299970001       6609086.00       6600673.50       13209760.0    
  0.302969992       6602115.00       6600389.50       13202504.0    
  0.305970013       6591055.00       6607763.50       13198818.0    
  0.308970004       6598939.50       6596461.50       13195401.0    
  0.311969995       6594662.50       6592189.00       13186852.0    
  0.314969987       6591749.50       6586821.00       13178570.0    
  0.317970008       6586967.50       6586657.00       13173624.0    
  0.320969999       6576122.00       6589549.50       13165672.0    
  0.323969990       6578464.50       6574659.00       13153124.0    
  0.326970011       6579486.00       6563454.50       13142940.0    
  0.329970002       6569559.50       6564114.00       13133674.0    
  0.332969993       6559646.50       6558064.50       13117711.0    
  0.335970014       6553294.50       6546240.00       13099534.0    
  0.338970006       6540851.00       6544134.00       13084985.0    
  0.341969997       6527499.00       6535217.00       13062716.0    
  0.344969988       6526127.00       6507551.50       13033678.0    
  0.347970009       6511146.00       6495990.00       13007136.0    
  0.350970000       6474898.00       6495339.00       12970237.0    
  0.353969991       6463822.50       6456518.50       12920341.0    
  0.356970012       6451633.00       6419379.00       12871012.0    
  0.359970003       6383521.50       6406874.50       12790396.0    
  0.362969995       6358237.00       6331649.00       12689886.0    
  0.365969986       6309094.50       6254689.00       12563784.0    
  0.368970007       6149269.50       6208869.50       12358139.0    
  0.371969998       6104188.50       5965410.50       12069599.0    
  0.374969989       5759569.50       5784050.50       11543620.0    
  0.377970010       5474122.50       5477310.50       10951433.0    
  0.380970001       5168026.00       4847740.00       10015766.0    
  0.383969992       3601213.00       3703778.00       7304991.00    
