   5.93227386         3.33333325    
   7.40451717         3.33333325    
   8.87676048         3.33333325    
   10.3490028         3.33333325    
   11.8212471         3.33333325    
   13.2934895         3.33333325    
   14.7657337         3.33333325    
   16.2379761         3.33333325    
   17.7102203         3.33333325    
   19.1824627         3.33333325    
   20.6547050         3.33333325    
   22.1269493         3.33333325    
   23.5991917         3.33333325    
   25.0714340         0.00000000    
   26.5436783         3.33333325    
   28.0159225         3.33333325    
   29.4881649         3.33333325    
   30.9604073         13.3333330    
   32.4326515         13.3333330    
   33.9048920         20.0000000    
