   22.2640114         0.00000000    
   22.2864876         0.00000000    
   22.3089676         0.00000000    
   22.3314438         0.00000000    
   22.3539200         0.00000000    
   22.3764000         0.00000000    
   22.3988762         0.00000000    
   22.4213543         0.00000000    
   22.4438324         0.00000000    
   22.4663086         37.7777786    
   22.4887867         62.2222214    
   22.5112648         0.00000000    
   22.5337410         0.00000000    
   22.5562191         0.00000000    
   22.5786972         0.00000000    
   22.6011734         0.00000000    
   22.6236534         0.00000000    
   22.6461296         0.00000000    
   22.6686058         0.00000000    
   22.6910858         0.00000000    
