   5.93227386         3.70370364    
   7.40451717         3.70370364    
   8.87676048         3.70370364    
   10.3490028         3.70370364    
   11.8212471         3.70370364    
   13.2934895         3.70370364    
   14.7657337         3.70370364    
   16.2379761         3.70370364    
   17.7102203         3.70370364    
   19.1824627         3.70370364    
   20.6547050         0.00000000    
   22.1269493         0.00000000    
   23.5991917         0.00000000    
   25.0714340         0.00000000    
   26.5436783         3.70370364    
   28.0159225         3.70370364    
   29.4881649         3.70370364    
   30.9604073         14.8148146    
   32.4326515         14.8148146    
   33.9048920         22.2222214    
