MODEL.01
 
ISOTROPIC
KGS
SPHERICAL EARTH
1-D
CONSTANT VELOCITY
LINE08
LINE09
LINE10
LINE11
      H(KM)   VP(KM/S)   VS(KM/S) RHO(GM/CC)     QP         QS       ETAP       ETAS      FREFP      FREFS    
     2.0000     6.1443     3.4274     2.7444  0.118E-02  0.167E-02   0.00       0.00       1.00       1.00    
     2.0000     6.1576     3.4344     2.7483  0.118E-02  0.167E-02   0.00       0.00       1.00       1.00    
     2.0000     6.1834     3.4492     2.7557  0.118E-02  0.167E-02   0.00       0.00       1.00       1.00    
     2.0000     6.2192     3.4689     2.7658  0.118E-02  0.167E-02   0.00       0.00       1.00       1.00    
     2.0000     6.2575     3.4901     2.7766  0.118E-02  0.167E-02   0.00       0.00       1.00       1.00    
     2.0000     6.2929     3.5101     2.7866  0.118E-02  0.167E-02   0.00       0.00       1.00       1.00    
     2.0000     6.3236     3.5273     2.7955  0.118E-02  0.167E-02   0.00       0.00       1.00       1.00    
     2.0000     6.3515     3.5426     2.8040  0.118E-02  0.167E-02   0.00       0.00       1.00       1.00    
     2.0000     6.3811     3.5591     2.8133  0.118E-02  0.167E-02   0.00       0.00       1.00       1.00    
     2.0000     6.4176     3.5796     2.8249  0.118E-02  0.167E-02   0.00       0.00       1.00       1.00    
     2.0000     6.4939     3.6218     2.8489  0.118E-02  0.167E-02   0.00       0.00       1.00       1.00    
     2.0000     6.5934     3.6777     2.8757  0.118E-02  0.167E-02   0.00       0.00       1.00       1.00    
     2.0000     6.7172     3.7468     2.9085  0.118E-02  0.167E-02   0.00       0.00       1.00       1.00    
     2.0000     6.8627     3.8277     2.9466  0.118E-02  0.167E-02   0.00       0.00       1.00       1.00    
     2.0000     7.0239     3.9177     2.9904  0.118E-02  0.167E-02   0.00       0.00       1.00       1.00    
     2.0000     7.1932     4.0121     3.0440  0.118E-02  0.167E-02   0.00       0.00       1.00       1.00    
     2.0000     7.3617     4.1062     3.0971  0.118E-02  0.167E-02   0.00       0.00       1.00       1.00    
     2.0000     7.5208     4.1949     3.1473  0.118E-02  0.167E-02   0.00       0.00       1.00       1.00    
     2.0000     7.6625     4.2741     3.1942  0.118E-02  0.167E-02   0.00       0.00       1.00       1.00    
     2.0000     7.7806     4.3399     3.2332  0.118E-02  0.167E-02   0.00       0.00       1.00       1.00    
     2.0000     7.8694     4.3894     3.2624  0.118E-02  0.167E-02   0.00       0.00       1.00       1.00    
     2.0000     7.9259     4.4210     3.2809  0.118E-02  0.167E-02   0.00       0.00       1.00       1.00    
     2.0000     7.9482     4.4332     3.2881  0.118E-02  0.167E-02   0.00       0.00       1.00       1.00    
     2.0000     7.9366     4.4269     3.2843  0.118E-02  0.167E-02   0.00       0.00       1.00       1.00    
     2.0000     7.8927     4.4024     3.2699  0.118E-02  0.167E-02   0.00       0.00       1.00       1.00    
     5.0000     7.8342     4.3697     3.2509  0.118E-02  0.167E-02   0.00       0.00       1.00       1.00    
     5.0000     7.7576     4.3275     3.2262  0.118E-02  0.167E-02   0.00       0.00       1.00       1.00    
     5.0000     7.6973     4.2950     3.2070  0.118E-02  0.167E-02   0.00       0.00       1.00       1.00    
     5.0000     7.6695     4.2803     3.1985  0.118E-02  0.167E-02   0.00       0.00       1.00       1.00    
     5.0000     7.6743     4.2840     3.2006  0.118E-02  0.167E-02   0.00       0.00       1.00       1.00    
     5.0000     7.7114     4.2965     3.2133  0.118E-02  0.167E-02   0.00       0.00       1.00       1.00    
     5.0000     7.7283     4.3156     3.2189  0.118E-02  0.167E-02   0.00       0.00       1.00       1.00    
     5.0000     7.7492     4.3281     3.2259  0.118E-02  0.167E-02   0.00       0.00       1.00       1.00    
     5.0000     7.7567     4.3314     3.2284  0.118E-02  0.167E-02   0.00       0.00       1.00       1.00    
     5.0000     7.7666     4.3398     3.2317  0.118E-02  0.167E-02   0.00       0.00       1.00       1.00    
    10.0000     7.7852     4.3475     3.2379  0.118E-02  0.167E-02   0.00       0.00       1.00       1.00    
    10.0000     7.7954     4.3577     3.2412  0.118E-02  0.167E-02   0.00       0.00       1.00       1.00    
    10.0000     7.8302     4.3707     3.2528  0.862E-02  0.131E-01   0.00       0.00       1.00       1.00    
    10.0000     7.8788     4.3844     3.2691  0.862E-02  0.131E-01   0.00       0.00       1.00       1.00    
    10.0000     7.9285     4.3981     3.2858  0.855E-02  0.131E-01   0.00       0.00       1.00       1.00    
    10.0000     7.9793     4.4145     3.3028  0.847E-02  0.131E-01   0.00       0.00       1.00       1.00    
    10.0000     8.0311     4.4303     3.3207  0.847E-02  0.131E-01   0.00       0.00       1.00       1.00    
    10.0000     8.0829     4.4448     3.3390  0.833E-02  0.130E-01   0.00       0.00       1.00       1.00    
    10.0000     8.1338     4.4598     3.3571  0.826E-02  0.129E-01   0.00       0.00       1.00       1.00    
    10.0000     8.1837     4.4744     3.3748  0.813E-02  0.128E-01   0.00       0.00       1.00       1.00    
    10.0000     8.2325     4.4877     3.3921  0.806E-02  0.126E-01   0.00       0.00       1.00       1.00    
    10.0000     8.2836     4.5083     3.4103  0.474E-02  0.746E-02   0.00       0.00       1.00       1.00    
    10.0000     8.3375     4.5360     3.4295  0.472E-02  0.741E-02   0.00       0.00       1.00       1.00    
    10.0000     8.3891     4.5623     3.4479  0.469E-02  0.741E-02   0.00       0.00       1.00       1.00    
    10.0000     8.4385     4.5881     3.4656  0.467E-02  0.735E-02   0.00       0.00       1.00       1.00    
    10.0000     8.4864     4.6123     3.4828  0.465E-02  0.735E-02   0.00       0.00       1.00       1.00    
    10.0000     8.5322     4.6351     3.4987  0.463E-02  0.730E-02   0.00       0.00       1.00       1.00    
    10.0000     8.5760     4.6566     3.5136  0.461E-02  0.730E-02   0.00       0.00       1.00       1.00    
    10.0000     8.6182     4.6769     3.5280  0.459E-02  0.725E-02   0.00       0.00       1.00       1.00    
    10.0000     8.6581     4.6965     3.5416  0.455E-02  0.725E-02   0.00       0.00       1.00       1.00    
    10.0000     8.6965     4.7147     3.5548  0.452E-02  0.719E-02   0.00       0.00       1.00       1.00    
    10.0000     8.7334     4.7322     3.5675  0.450E-02  0.714E-02   0.00       0.00       1.00       1.00    
    10.0000     8.7686     4.7487     3.5796  0.448E-02  0.714E-02   0.00       0.00       1.00       1.00    
    10.0000     8.8020     4.7644     3.5911  0.446E-02  0.709E-02   0.00       0.00       1.00       1.00    
    10.0000     8.8343     4.7797     3.6023  0.442E-02  0.704E-02   0.00       0.00       1.00       1.00    
    10.0000     8.8649     4.7939     3.6129  0.441E-02  0.704E-02   0.00       0.00       1.00       1.00    
    10.0000     8.8942     4.8072     3.6231  0.439E-02  0.699E-02   0.00       0.00       1.00       1.00    
    10.0000     8.9225     4.8203     3.6330  0.435E-02  0.694E-02   0.00       0.00       1.00       1.00    
    10.0000     8.9495     4.8323     3.6425  0.433E-02  0.690E-02   0.00       0.00       1.00       1.00    
    10.0000     8.9754     4.8442     3.6516  0.431E-02  0.690E-02   0.00       0.00       1.00       1.00    
    10.0000     9.0119     4.8615     3.6648  0.427E-02  0.685E-02   0.00       0.00       1.00       1.00    
    10.0000     9.3769     5.0911     3.8108  0.388E-02  0.613E-02   0.00       0.00       1.00       1.00    
    10.0000     9.4105     5.1123     3.8242  0.388E-02  0.613E-02   0.00       0.00       1.00       1.00    
    10.0000     9.4438     5.1336     3.8375  0.386E-02  0.610E-02   0.00       0.00       1.00       1.00    
    10.0000     9.4777     5.1546     3.8511  0.386E-02  0.610E-02   0.00       0.00       1.00       1.00    
    10.0000     9.5112     5.1758     3.8643  0.385E-02  0.606E-02   0.00       0.00       1.00       1.00    
    10.0000     9.5449     5.1970     3.8771  0.385E-02  0.606E-02   0.00       0.00       1.00       1.00    
    10.0000     9.5785     5.2181     3.8898  0.383E-02  0.606E-02   0.00       0.00       1.00       1.00    
    10.0000     9.6119     5.2394     3.9025  0.383E-02  0.602E-02   0.00       0.00       1.00       1.00    
    10.0000     9.6458     5.2604     3.9154  0.383E-02  0.602E-02   0.00       0.00       1.00       1.00    
    10.0000     9.6794     5.2816     3.9282  0.382E-02  0.599E-02   0.00       0.00       1.00       1.00    
    10.0000     9.7130     5.3029     3.9409  0.382E-02  0.599E-02   0.00       0.00       1.00       1.00    
    10.0000     9.7466     5.3242     3.9537  0.380E-02  0.599E-02   0.00       0.00       1.00       1.00    
    10.0000     9.7799     5.3454     3.9664  0.380E-02  0.595E-02   0.00       0.00       1.00       1.00    
    10.0000     9.8137     5.3669     3.9792  0.380E-02  0.595E-02   0.00       0.00       1.00       1.00    
    10.0000     9.8473     5.3883     3.9920  0.379E-02  0.592E-02   0.00       0.00       1.00       1.00    
    10.0000     9.8808     5.4094     4.0047  0.379E-02  0.592E-02   0.00       0.00       1.00       1.00    
     0.0000     9.9144     5.4306     4.0175  0.377E-02  0.592E-02   0.00       0.00       1.00       1.00    
