MODEL.01
 
ISOTROPIC
KGS
SPHERICAL EARTH
1-D
CONSTANT VELOCITY
LINE08
LINE09
LINE10
LINE11
      H(KM)   VP(KM/S)   VS(KM/S) RHO(GM/CC)     QP         QS       ETAP       ETAS      FREFP      FREFS    
     2.0000     6.1240     3.4161     2.7389  0.118E-02  0.167E-02   0.00       0.00       1.00       1.00    
     2.0000     6.1387     3.4239     2.7432  0.118E-02  0.167E-02   0.00       0.00       1.00       1.00    
     2.0000     6.1691     3.4412     2.7520  0.118E-02  0.167E-02   0.00       0.00       1.00       1.00    
     2.0000     6.2135     3.4658     2.7647  0.118E-02  0.167E-02   0.00       0.00       1.00       1.00    
     2.0000     6.2626     3.4929     2.7785  0.118E-02  0.167E-02   0.00       0.00       1.00       1.00    
     2.0000     6.3076     3.5183     2.7913  0.118E-02  0.167E-02   0.00       0.00       1.00       1.00    
     2.0000     6.3443     3.5389     2.8018  0.118E-02  0.167E-02   0.00       0.00       1.00       1.00    
     2.0000     6.3730     3.5547     2.8102  0.118E-02  0.167E-02   0.00       0.00       1.00       1.00    
     2.0000     6.3988     3.5690     2.8182  0.118E-02  0.167E-02   0.00       0.00       1.00       1.00    
     2.0000     6.4280     3.5854     2.8274  0.118E-02  0.167E-02   0.00       0.00       1.00       1.00    
     2.0000     6.4904     3.6199     2.8471  0.118E-02  0.167E-02   0.00       0.00       1.00       1.00    
     2.0000     6.5764     3.6682     2.8708  0.118E-02  0.167E-02   0.00       0.00       1.00       1.00    
     2.0000     6.6899     3.7315     2.9010  0.118E-02  0.167E-02   0.00       0.00       1.00       1.00    
     2.0000     6.8296     3.8093     2.9378  0.118E-02  0.167E-02   0.00       0.00       1.00       1.00    
     2.0000     6.9905     3.8991     2.9797  0.118E-02  0.167E-02   0.00       0.00       1.00       1.00    
     2.0000     7.1646     3.9962     3.0350  0.118E-02  0.167E-02   0.00       0.00       1.00       1.00    
     2.0000     7.3424     4.0954     3.0912  0.118E-02  0.167E-02   0.00       0.00       1.00       1.00    
     2.0000     7.5134     4.1908     3.1454  0.118E-02  0.167E-02   0.00       0.00       1.00       1.00    
     2.0000     7.6686     4.2775     3.1971  0.118E-02  0.167E-02   0.00       0.00       1.00       1.00    
     2.0000     7.8001     4.3507     3.2407  0.118E-02  0.167E-02   0.00       0.00       1.00       1.00    
     2.0000     7.9007     4.4069     3.2739  0.118E-02  0.167E-02   0.00       0.00       1.00       1.00    
     2.0000     7.9661     4.4434     3.2953  0.118E-02  0.167E-02   0.00       0.00       1.00       1.00    
     2.0000     7.9935     4.4584     3.3042  0.118E-02  0.167E-02   0.00       0.00       1.00       1.00    
     2.0000     7.9824     4.4525     3.3003  0.118E-02  0.167E-02   0.00       0.00       1.00       1.00    
     2.0000     7.9338     4.4253     3.2841  0.118E-02  0.167E-02   0.00       0.00       1.00       1.00    
     5.0000     7.8673     4.3882     3.2620  0.118E-02  0.167E-02   0.00       0.00       1.00       1.00    
     5.0000     7.7766     4.3381     3.2323  0.118E-02  0.167E-02   0.00       0.00       1.00       1.00    
     5.0000     7.7018     4.2975     3.2081  0.118E-02  0.167E-02   0.00       0.00       1.00       1.00    
     5.0000     7.6630     4.2767     3.1958  0.118E-02  0.167E-02   0.00       0.00       1.00       1.00    
     5.0000     7.6617     4.2769     3.1959  0.118E-02  0.167E-02   0.00       0.00       1.00       1.00    
     5.0000     7.6968     4.2885     3.2080  0.118E-02  0.167E-02   0.00       0.00       1.00       1.00    
     5.0000     7.7144     4.3078     3.2140  0.118E-02  0.167E-02   0.00       0.00       1.00       1.00    
     5.0000     7.7366     4.3211     3.2214  0.118E-02  0.167E-02   0.00       0.00       1.00       1.00    
     5.0000     7.7447     4.3247     3.2241  0.118E-02  0.167E-02   0.00       0.00       1.00       1.00    
     5.0000     7.7554     4.3335     3.2277  0.118E-02  0.167E-02   0.00       0.00       1.00       1.00    
    10.0000     7.7750     4.3419     3.2343  0.118E-02  0.167E-02   0.00       0.00       1.00       1.00    
    10.0000     7.7869     4.3530     3.2382  0.118E-02  0.167E-02   0.00       0.00       1.00       1.00    
    10.0000     7.8239     4.3672     3.2506  0.862E-02  0.131E-01   0.00       0.00       1.00       1.00    
    10.0000     7.8750     4.3824     3.2678  0.862E-02  0.131E-01   0.00       0.00       1.00       1.00    
    10.0000     7.9274     4.3976     3.2854  0.855E-02  0.131E-01   0.00       0.00       1.00       1.00    
    10.0000     7.9813     4.4156     3.3035  0.847E-02  0.131E-01   0.00       0.00       1.00       1.00    
    10.0000     8.0361     4.4331     3.3226  0.847E-02  0.131E-01   0.00       0.00       1.00       1.00    
    10.0000     8.0908     4.4492     3.3420  0.833E-02  0.130E-01   0.00       0.00       1.00       1.00    
    10.0000     8.1446     4.4657     3.3612  0.826E-02  0.129E-01   0.00       0.00       1.00       1.00    
    10.0000     8.1971     4.4818     3.3798  0.813E-02  0.128E-01   0.00       0.00       1.00       1.00    
    10.0000     8.2485     4.4963     3.3981  0.806E-02  0.126E-01   0.00       0.00       1.00       1.00    
    10.0000     8.3016     4.5181     3.4171  0.474E-02  0.746E-02   0.00       0.00       1.00       1.00    
    10.0000     8.3574     4.5468     3.4370  0.472E-02  0.741E-02   0.00       0.00       1.00       1.00    
    10.0000     8.4104     4.5739     3.4559  0.469E-02  0.741E-02   0.00       0.00       1.00       1.00    
    10.0000     8.4610     4.6004     3.4741  0.467E-02  0.735E-02   0.00       0.00       1.00       1.00    
    10.0000     8.5096     4.6250     3.4914  0.465E-02  0.735E-02   0.00       0.00       1.00       1.00    
    10.0000     8.5558     4.6479     3.5071  0.463E-02  0.730E-02   0.00       0.00       1.00       1.00    
    10.0000     8.5997     4.6694     3.5220  0.461E-02  0.730E-02   0.00       0.00       1.00       1.00    
    10.0000     8.6416     4.6896     3.5363  0.459E-02  0.725E-02   0.00       0.00       1.00       1.00    
    10.0000     8.6809     4.7088     3.5497  0.455E-02  0.725E-02   0.00       0.00       1.00       1.00    
    10.0000     8.7183     4.7265     3.5625  0.452E-02  0.719E-02   0.00       0.00       1.00       1.00    
    10.0000     8.7539     4.7432     3.5747  0.450E-02  0.714E-02   0.00       0.00       1.00       1.00    
    10.0000     8.7876     4.7589     3.5863  0.448E-02  0.714E-02   0.00       0.00       1.00       1.00    
    10.0000     8.8190     4.7736     3.5971  0.446E-02  0.709E-02   0.00       0.00       1.00       1.00    
    10.0000     8.8492     4.7877     3.6075  0.442E-02  0.704E-02   0.00       0.00       1.00       1.00    
    10.0000     8.8775     4.8007     3.6173  0.441E-02  0.704E-02   0.00       0.00       1.00       1.00    
    10.0000     8.9040     4.8124     3.6266  0.439E-02  0.699E-02   0.00       0.00       1.00       1.00    
    10.0000     8.9293     4.8240     3.6354  0.435E-02  0.694E-02   0.00       0.00       1.00       1.00    
    10.0000     8.9530     4.8342     3.6437  0.433E-02  0.690E-02   0.00       0.00       1.00       1.00    
    10.0000     8.9754     4.8442     3.6516  0.431E-02  0.690E-02   0.00       0.00       1.00       1.00    
    10.0000     9.0119     4.8615     3.6648  0.427E-02  0.685E-02   0.00       0.00       1.00       1.00    
    10.0000     9.3769     5.0911     3.8108  0.388E-02  0.613E-02   0.00       0.00       1.00       1.00    
    10.0000     9.4105     5.1123     3.8242  0.388E-02  0.613E-02   0.00       0.00       1.00       1.00    
    10.0000     9.4438     5.1336     3.8375  0.386E-02  0.610E-02   0.00       0.00       1.00       1.00    
    10.0000     9.4777     5.1546     3.8511  0.386E-02  0.610E-02   0.00       0.00       1.00       1.00    
    10.0000     9.5112     5.1758     3.8643  0.385E-02  0.606E-02   0.00       0.00       1.00       1.00    
    10.0000     9.5449     5.1970     3.8771  0.385E-02  0.606E-02   0.00       0.00       1.00       1.00    
    10.0000     9.5785     5.2181     3.8898  0.383E-02  0.606E-02   0.00       0.00       1.00       1.00    
    10.0000     9.6119     5.2394     3.9025  0.383E-02  0.602E-02   0.00       0.00       1.00       1.00    
    10.0000     9.6458     5.2604     3.9154  0.383E-02  0.602E-02   0.00       0.00       1.00       1.00    
    10.0000     9.6794     5.2816     3.9282  0.382E-02  0.599E-02   0.00       0.00       1.00       1.00    
    10.0000     9.7130     5.3029     3.9409  0.382E-02  0.599E-02   0.00       0.00       1.00       1.00    
    10.0000     9.7466     5.3242     3.9537  0.380E-02  0.599E-02   0.00       0.00       1.00       1.00    
    10.0000     9.7799     5.3454     3.9664  0.380E-02  0.595E-02   0.00       0.00       1.00       1.00    
    10.0000     9.8137     5.3669     3.9792  0.380E-02  0.595E-02   0.00       0.00       1.00       1.00    
    10.0000     9.8473     5.3883     3.9920  0.379E-02  0.592E-02   0.00       0.00       1.00       1.00    
    10.0000     9.8808     5.4094     4.0047  0.379E-02  0.592E-02   0.00       0.00       1.00       1.00    
     0.0000     9.9144     5.4306     4.0175  0.377E-02  0.592E-02   0.00       0.00       1.00       1.00    
