MODEL.01
 
ISOTROPIC
KGS
SPHERICAL EARTH
1-D
CONSTANT VELOCITY
LINE08
LINE09
LINE10
LINE11
      H(KM)   VP(KM/S)   VS(KM/S) RHO(GM/CC)     QP         QS       ETAP       ETAS      FREFP      FREFS    
     2.0000     6.1530     3.4320     3.3243  0.118E-02  0.167E-02   0.00       0.00       1.00       1.00    
     2.0000     6.1568     3.4341     3.3243  0.118E-02  0.167E-02   0.00       0.00       1.00       1.00    
     2.0000     6.1631     3.4376     3.3243  0.118E-02  0.167E-02   0.00       0.00       1.00       1.00    
     2.0000     6.1719     3.4426     3.3243  0.118E-02  0.167E-02   0.00       0.00       1.00       1.00    
     2.0000     6.1840     3.4493     3.3243  0.118E-02  0.167E-02   0.00       0.00       1.00       1.00    
     2.0000     6.1997     3.4580     3.3243  0.118E-02  0.167E-02   0.00       0.00       1.00       1.00    
     2.0000     6.2195     3.4691     3.3243  0.118E-02  0.167E-02   0.00       0.00       1.00       1.00    
     2.0000     6.2436     3.4825     3.3243  0.118E-02  0.167E-02   0.00       0.00       1.00       1.00    
     2.0000     6.2720     3.4984     3.3243  0.118E-02  0.167E-02   0.00       0.00       1.00       1.00    
     2.0000     6.3046     3.5166     3.3243  0.118E-02  0.167E-02   0.00       0.00       1.00       1.00    
     2.0000     6.3617     3.5484     3.3243  0.118E-02  0.167E-02   0.00       0.00       1.00       1.00    
     2.0000     6.4246     3.5835     3.3243  0.118E-02  0.167E-02   0.00       0.00       1.00       1.00    
     2.0000     6.4928     3.6215     3.3243  0.118E-02  0.167E-02   0.00       0.00       1.00       1.00    
     2.0000     6.5660     3.6624     3.3243  0.118E-02  0.167E-02   0.00       0.00       1.00       1.00    
     2.0000     6.6438     3.7057     3.3243  0.118E-02  0.167E-02   0.00       0.00       1.00       1.00    
     2.0000     6.7257     3.7514     3.3243  0.118E-02  0.167E-02   0.00       0.00       1.00       1.00    
     2.0000     6.8114     3.7992     3.3243  0.118E-02  0.167E-02   0.00       0.00       1.00       1.00    
     2.0000     6.9007     3.8490     3.3243  0.118E-02  0.167E-02   0.00       0.00       1.00       1.00    
     2.0000     6.9932     3.9007     3.3243  0.118E-02  0.167E-02   0.00       0.00       1.00       1.00    
     2.0000     7.0889     3.9540     3.3243  0.118E-02  0.167E-02   0.00       0.00       1.00       1.00    
     2.0000     7.1876     4.0091     3.3243  0.118E-02  0.167E-02   0.00       0.00       1.00       1.00    
     2.0000     7.2891     4.0657     3.3243  0.118E-02  0.167E-02   0.00       0.00       1.00       1.00    
     2.0000     7.3934     4.1238     3.3243  0.118E-02  0.167E-02   0.00       0.00       1.00       1.00    
     2.0000     7.5003     4.1835     3.3243  0.118E-02  0.167E-02   0.00       0.00       1.00       1.00    
     2.0000     7.6099     4.2446     3.3243  0.118E-02  0.167E-02   0.00       0.00       1.00       1.00    
     5.0000     7.7008     4.2953     3.3243  0.118E-02  0.167E-02   0.00       0.00       1.00       1.00    
     5.0000     7.7775     4.3389     3.3245  0.118E-02  0.167E-02   0.00       0.00       1.00       1.00    
     5.0000     7.8395     4.3744     3.3247  0.118E-02  0.167E-02   0.00       0.00       1.00       1.00    
     5.0000     7.8877     4.4022     3.3249  0.118E-02  0.167E-02   0.00       0.00       1.00       1.00    
     5.0000     7.9231     4.4227     3.3252  0.118E-02  0.167E-02   0.00       0.00       1.00       1.00    
     5.0000     7.9600     4.4352     3.3301  0.118E-02  0.167E-02   0.00       0.00       1.00       1.00    
     5.0000     7.9615     4.4460     3.3256  0.118E-02  0.167E-02   0.00       0.00       1.00       1.00    
     5.0000     7.9685     4.4508     3.3258  0.118E-02  0.167E-02   0.00       0.00       1.00       1.00    
     5.0000     7.9708     4.4510     3.3260  0.118E-02  0.167E-02   0.00       0.00       1.00       1.00    
     5.0000     7.9730     4.4550     3.3262  0.118E-02  0.167E-02   0.00       0.00       1.00       1.00    
    10.0000     7.9823     4.4578     3.3289  0.118E-02  0.167E-02   0.00       0.00       1.00       1.00    
    10.0000     7.9789     4.4603     3.3270  0.118E-02  0.167E-02   0.00       0.00       1.00       1.00    
    10.0000     7.9979     4.4642     3.3331  0.862E-02  0.131E-01   0.00       0.00       1.00       1.00    
    10.0000     8.0279     4.4674     3.3432  0.862E-02  0.131E-01   0.00       0.00       1.00       1.00    
    10.0000     8.0573     4.4696     3.3531  0.855E-02  0.131E-01   0.00       0.00       1.00       1.00    
    10.0000     8.0870     4.4739     3.3630  0.847E-02  0.131E-01   0.00       0.00       1.00       1.00    
    10.0000     8.1172     4.4776     3.3731  0.847E-02  0.131E-01   0.00       0.00       1.00       1.00    
    10.0000     8.1473     4.4803     3.3831  0.833E-02  0.130E-01   0.00       0.00       1.00       1.00    
    10.0000     8.1772     4.4838     3.3930  0.826E-02  0.129E-01   0.00       0.00       1.00       1.00    
    10.0000     8.2078     4.4873     3.4032  0.813E-02  0.128E-01   0.00       0.00       1.00       1.00    
    10.0000     8.2381     4.4907     3.4132  0.806E-02  0.126E-01   0.00       0.00       1.00       1.00    
    10.0000     8.2727     4.5024     3.4248  0.474E-02  0.746E-02   0.00       0.00       1.00       1.00    
    10.0000     8.3116     4.5220     3.4379  0.472E-02  0.741E-02   0.00       0.00       1.00       1.00    
    10.0000     8.3503     4.5416     3.4509  0.469E-02  0.741E-02   0.00       0.00       1.00       1.00    
    10.0000     8.3893     4.5612     3.4640  0.467E-02  0.735E-02   0.00       0.00       1.00       1.00    
    10.0000     8.4282     4.5808     3.4771  0.465E-02  0.735E-02   0.00       0.00       1.00       1.00    
    10.0000     8.4672     4.5999     3.4902  0.463E-02  0.730E-02   0.00       0.00       1.00       1.00    
    10.0000     8.5063     4.6189     3.5026  0.461E-02  0.730E-02   0.00       0.00       1.00       1.00    
    10.0000     8.5455     4.6375     3.5150  0.459E-02  0.725E-02   0.00       0.00       1.00       1.00    
    10.0000     8.5846     4.6565     3.5275  0.455E-02  0.725E-02   0.00       0.00       1.00       1.00    
    10.0000     8.6237     4.6751     3.5399  0.452E-02  0.719E-02   0.00       0.00       1.00       1.00    
    10.0000     8.6629     4.6940     3.5523  0.450E-02  0.714E-02   0.00       0.00       1.00       1.00    
    10.0000     8.7019     4.7127     3.5647  0.448E-02  0.714E-02   0.00       0.00       1.00       1.00    
    10.0000     8.7410     4.7315     3.5771  0.446E-02  0.709E-02   0.00       0.00       1.00       1.00    
    10.0000     8.7801     4.7502     3.5896  0.442E-02  0.704E-02   0.00       0.00       1.00       1.00    
    10.0000     8.8191     4.7691     3.6020  0.441E-02  0.704E-02   0.00       0.00       1.00       1.00    
    10.0000     8.8583     4.7877     3.6144  0.439E-02  0.699E-02   0.00       0.00       1.00       1.00    
    10.0000     8.8973     4.8067     3.6268  0.435E-02  0.694E-02   0.00       0.00       1.00       1.00    
    10.0000     8.9364     4.8252     3.6392  0.433E-02  0.690E-02   0.00       0.00       1.00       1.00    
    10.0000     8.9754     4.8442     3.6516  0.431E-02  0.690E-02   0.00       0.00       1.00       1.00    
    10.0000     9.0119     4.8615     3.6648  0.427E-02  0.685E-02   0.00       0.00       1.00       1.00    
    10.0000     9.3769     5.0911     3.8108  0.388E-02  0.613E-02   0.00       0.00       1.00       1.00    
    10.0000     9.4105     5.1123     3.8242  0.388E-02  0.613E-02   0.00       0.00       1.00       1.00    
    10.0000     9.4438     5.1336     3.8375  0.386E-02  0.610E-02   0.00       0.00       1.00       1.00    
    10.0000     9.4777     5.1546     3.8511  0.386E-02  0.610E-02   0.00       0.00       1.00       1.00    
    10.0000     9.5112     5.1758     3.8643  0.385E-02  0.606E-02   0.00       0.00       1.00       1.00    
    10.0000     9.5449     5.1970     3.8771  0.385E-02  0.606E-02   0.00       0.00       1.00       1.00    
    10.0000     9.5785     5.2181     3.8898  0.383E-02  0.606E-02   0.00       0.00       1.00       1.00    
    10.0000     9.6119     5.2394     3.9025  0.383E-02  0.602E-02   0.00       0.00       1.00       1.00    
    10.0000     9.6458     5.2604     3.9154  0.383E-02  0.602E-02   0.00       0.00       1.00       1.00    
    10.0000     9.6794     5.2816     3.9282  0.382E-02  0.599E-02   0.00       0.00       1.00       1.00    
    10.0000     9.7130     5.3029     3.9409  0.382E-02  0.599E-02   0.00       0.00       1.00       1.00    
    10.0000     9.7466     5.3242     3.9537  0.380E-02  0.599E-02   0.00       0.00       1.00       1.00    
    10.0000     9.7799     5.3454     3.9664  0.380E-02  0.595E-02   0.00       0.00       1.00       1.00    
    10.0000     9.8137     5.3669     3.9792  0.380E-02  0.595E-02   0.00       0.00       1.00       1.00    
    10.0000     9.8473     5.3883     3.9920  0.379E-02  0.592E-02   0.00       0.00       1.00       1.00    
    10.0000     9.8808     5.4094     4.0047  0.379E-02  0.592E-02   0.00       0.00       1.00       1.00    
     0.0000     9.9144     5.4306     4.0175  0.377E-02  0.592E-02   0.00       0.00       1.00       1.00    
