MODEL.01
 
ISOTROPIC
KGS
SPHERICAL EARTH
1-D
CONSTANT VELOCITY
LINE08
LINE09
LINE10
LINE11
      H(KM)   VP(KM/S)   VS(KM/S) RHO(GM/CC)     QP         QS       ETAP       ETAS      FREFP      FREFS    
     2.0000     6.0776     3.3900     2.8336  0.118E-02  0.167E-02   0.00       0.00       1.00       1.00    
     2.0000     6.0854     3.3942     2.8346  0.118E-02  0.167E-02   0.00       0.00       1.00       1.00    
     2.0000     6.1002     3.4025     2.8362  0.118E-02  0.167E-02   0.00       0.00       1.00       1.00    
     2.0000     6.1247     3.4162     2.8388  0.118E-02  0.167E-02   0.00       0.00       1.00       1.00    
     2.0000     6.1608     3.4363     2.8430  0.118E-02  0.167E-02   0.00       0.00       1.00       1.00    
     2.0000     6.2088     3.4631     2.8489  0.118E-02  0.167E-02   0.00       0.00       1.00       1.00    
     2.0000     6.2680     3.4962     2.8557  0.118E-02  0.167E-02   0.00       0.00       1.00       1.00    
     2.0000     6.3364     3.5342     2.8639  0.118E-02  0.167E-02   0.00       0.00       1.00       1.00    
     2.0000     6.4115     3.5762     2.8733  0.118E-02  0.167E-02   0.00       0.00       1.00       1.00    
     2.0000     6.4909     3.6205     2.8839  0.118E-02  0.167E-02   0.00       0.00       1.00       1.00    
     2.0000     6.6174     3.6910     2.9019  0.118E-02  0.167E-02   0.00       0.00       1.00       1.00    
     2.0000     6.7427     3.7610     2.9208  0.118E-02  0.167E-02   0.00       0.00       1.00       1.00    
     2.0000     6.8640     3.8285     2.9405  0.118E-02  0.167E-02   0.00       0.00       1.00       1.00    
     2.0000     6.9786     3.8925     2.9607  0.118E-02  0.167E-02   0.00       0.00       1.00       1.00    
     2.0000     7.0849     3.9517     2.9813  0.118E-02  0.167E-02   0.00       0.00       1.00       1.00    
     2.0000     7.1814     4.0056     3.0065  0.118E-02  0.167E-02   0.00       0.00       1.00       1.00    
     2.0000     7.2676     4.0536     3.0316  0.118E-02  0.167E-02   0.00       0.00       1.00       1.00    
     2.0000     7.3433     4.0959     3.0566  0.118E-02  0.167E-02   0.00       0.00       1.00       1.00    
     2.0000     7.4088     4.1325     3.0812  0.118E-02  0.167E-02   0.00       0.00       1.00       1.00    
     2.0000     7.4648     4.1637     3.1057  0.118E-02  0.167E-02   0.00       0.00       1.00       1.00    
     2.0000     7.5124     4.1903     3.1298  0.118E-02  0.167E-02   0.00       0.00       1.00       1.00    
     2.0000     7.5528     4.2128     3.1546  0.118E-02  0.167E-02   0.00       0.00       1.00       1.00    
     2.0000     7.5874     4.2320     3.1798  0.118E-02  0.167E-02   0.00       0.00       1.00       1.00    
     2.0000     7.6178     4.2490     3.2048  0.118E-02  0.167E-02   0.00       0.00       1.00       1.00    
     2.0000     7.6455     4.2645     3.2297  0.118E-02  0.167E-02   0.00       0.00       1.00       1.00    
     5.0000     7.6672     4.2767     3.2499  0.118E-02  0.167E-02   0.00       0.00       1.00       1.00    
     5.0000     7.6886     4.2893     3.2663  0.118E-02  0.167E-02   0.00       0.00       1.00       1.00    
     5.0000     7.7130     4.3038     3.2792  0.118E-02  0.167E-02   0.00       0.00       1.00       1.00    
     5.0000     7.7405     4.3200     3.2891  0.118E-02  0.167E-02   0.00       0.00       1.00       1.00    
     5.0000     7.7684     4.3364     3.2965  0.118E-02  0.167E-02   0.00       0.00       1.00       1.00    
     5.0000     7.8058     4.3493     3.3059  0.118E-02  0.167E-02   0.00       0.00       1.00       1.00    
     5.0000     7.8114     4.3622     3.3046  0.118E-02  0.167E-02   0.00       0.00       1.00       1.00    
     5.0000     7.8219     4.3689     3.3062  0.118E-02  0.167E-02   0.00       0.00       1.00       1.00    
     5.0000     7.8255     4.3699     3.3068  0.118E-02  0.167E-02   0.00       0.00       1.00       1.00    
     5.0000     7.8295     4.3749     3.3073  0.118E-02  0.167E-02   0.00       0.00       1.00       1.00    
    10.0000     7.8409     4.3788     3.3103  0.118E-02  0.167E-02   0.00       0.00       1.00       1.00    
    10.0000     7.8407     4.3830     3.3089  0.118E-02  0.167E-02   0.00       0.00       1.00       1.00    
    10.0000     7.8632     4.3891     3.3155  0.862E-02  0.131E-01   0.00       0.00       1.00       1.00    
    10.0000     7.8972     4.3946     3.3261  0.862E-02  0.131E-01   0.00       0.00       1.00       1.00    
    10.0000     7.9311     4.3996     3.3365  0.855E-02  0.131E-01   0.00       0.00       1.00       1.00    
    10.0000     7.9658     4.4069     3.3470  0.847E-02  0.131E-01   0.00       0.00       1.00       1.00    
    10.0000     8.0012     4.4137     3.3576  0.847E-02  0.131E-01   0.00       0.00       1.00       1.00    
    10.0000     8.0368     4.4195     3.3683  0.833E-02  0.130E-01   0.00       0.00       1.00       1.00    
    10.0000     8.0724     4.4263     3.3789  0.826E-02  0.129E-01   0.00       0.00       1.00       1.00    
    10.0000     8.1087     4.4331     3.3897  0.813E-02  0.128E-01   0.00       0.00       1.00       1.00    
    10.0000     8.1447     4.4398     3.4004  0.806E-02  0.126E-01   0.00       0.00       1.00       1.00    
    10.0000     8.1852     4.4548     3.4126  0.474E-02  0.746E-02   0.00       0.00       1.00       1.00    
    10.0000     8.2300     4.4777     3.4264  0.472E-02  0.741E-02   0.00       0.00       1.00       1.00    
    10.0000     8.2746     4.5004     3.4401  0.469E-02  0.741E-02   0.00       0.00       1.00       1.00    
    10.0000     8.3192     4.5231     3.4539  0.467E-02  0.735E-02   0.00       0.00       1.00       1.00    
    10.0000     8.3637     4.5457     3.4677  0.465E-02  0.735E-02   0.00       0.00       1.00       1.00    
    10.0000     8.4081     4.5679     3.4815  0.463E-02  0.730E-02   0.00       0.00       1.00       1.00    
    10.0000     8.4526     4.5897     3.4950  0.461E-02  0.730E-02   0.00       0.00       1.00       1.00    
    10.0000     8.4969     4.6111     3.5081  0.459E-02  0.725E-02   0.00       0.00       1.00       1.00    
    10.0000     8.5410     4.6329     3.5212  0.455E-02  0.725E-02   0.00       0.00       1.00       1.00    
    10.0000     8.5849     4.6541     3.5342  0.452E-02  0.719E-02   0.00       0.00       1.00       1.00    
    10.0000     8.6289     4.6756     3.5473  0.450E-02  0.714E-02   0.00       0.00       1.00       1.00    
    10.0000     8.6725     4.6968     3.5603  0.448E-02  0.714E-02   0.00       0.00       1.00       1.00    
    10.0000     8.7161     4.7181     3.5734  0.446E-02  0.709E-02   0.00       0.00       1.00       1.00    
    10.0000     8.7596     4.7392     3.5865  0.442E-02  0.704E-02   0.00       0.00       1.00       1.00    
    10.0000     8.8029     4.7604     3.5995  0.441E-02  0.704E-02   0.00       0.00       1.00       1.00    
    10.0000     8.8463     4.7812     3.6126  0.439E-02  0.699E-02   0.00       0.00       1.00       1.00    
    10.0000     8.8894     4.8024     3.6256  0.435E-02  0.694E-02   0.00       0.00       1.00       1.00    
    10.0000     8.9325     4.8231     3.6386  0.433E-02  0.690E-02   0.00       0.00       1.00       1.00    
    10.0000     8.9754     4.8442     3.6516  0.431E-02  0.690E-02   0.00       0.00       1.00       1.00    
    10.0000     9.0119     4.8615     3.6648  0.427E-02  0.685E-02   0.00       0.00       1.00       1.00    
    10.0000     9.3769     5.0911     3.8108  0.388E-02  0.613E-02   0.00       0.00       1.00       1.00    
    10.0000     9.4105     5.1123     3.8242  0.388E-02  0.613E-02   0.00       0.00       1.00       1.00    
    10.0000     9.4438     5.1336     3.8375  0.386E-02  0.610E-02   0.00       0.00       1.00       1.00    
    10.0000     9.4777     5.1546     3.8511  0.386E-02  0.610E-02   0.00       0.00       1.00       1.00    
    10.0000     9.5112     5.1758     3.8643  0.385E-02  0.606E-02   0.00       0.00       1.00       1.00    
    10.0000     9.5449     5.1970     3.8771  0.385E-02  0.606E-02   0.00       0.00       1.00       1.00    
    10.0000     9.5785     5.2181     3.8898  0.383E-02  0.606E-02   0.00       0.00       1.00       1.00    
    10.0000     9.6119     5.2394     3.9025  0.383E-02  0.602E-02   0.00       0.00       1.00       1.00    
    10.0000     9.6458     5.2604     3.9154  0.383E-02  0.602E-02   0.00       0.00       1.00       1.00    
    10.0000     9.6794     5.2816     3.9282  0.382E-02  0.599E-02   0.00       0.00       1.00       1.00    
    10.0000     9.7130     5.3029     3.9409  0.382E-02  0.599E-02   0.00       0.00       1.00       1.00    
    10.0000     9.7466     5.3242     3.9537  0.380E-02  0.599E-02   0.00       0.00       1.00       1.00    
    10.0000     9.7799     5.3454     3.9664  0.380E-02  0.595E-02   0.00       0.00       1.00       1.00    
    10.0000     9.8137     5.3669     3.9792  0.380E-02  0.595E-02   0.00       0.00       1.00       1.00    
    10.0000     9.8473     5.3883     3.9920  0.379E-02  0.592E-02   0.00       0.00       1.00       1.00    
    10.0000     9.8808     5.4094     4.0047  0.379E-02  0.592E-02   0.00       0.00       1.00       1.00    
     0.0000     9.9144     5.4306     4.0175  0.377E-02  0.592E-02   0.00       0.00       1.00       1.00    
