MODEL.01
 
ISOTROPIC
KGS
SPHERICAL EARTH
1-D
CONSTANT VELOCITY
LINE08
LINE09
LINE10
LINE11
      H(KM)   VP(KM/S)   VS(KM/S) RHO(GM/CC)     QP         QS       ETAP       ETAS      FREFP      FREFS    
     2.0000     6.1534     3.4325     2.7465  0.118E-02  0.167E-02   0.00       0.00       1.00       1.00    
     2.0000     6.1656     3.4389     2.7500  0.118E-02  0.167E-02   0.00       0.00       1.00       1.00    
     2.0000     6.1880     3.4517     2.7564  0.118E-02  0.167E-02   0.00       0.00       1.00       1.00    
     2.0000     6.2179     3.4682     2.7648  0.118E-02  0.167E-02   0.00       0.00       1.00       1.00    
     2.0000     6.2496     3.4858     2.7738  0.118E-02  0.167E-02   0.00       0.00       1.00       1.00    
     2.0000     6.2799     3.5028     2.7825  0.118E-02  0.167E-02   0.00       0.00       1.00       1.00    
     2.0000     6.3085     3.5189     2.7911  0.118E-02  0.167E-02   0.00       0.00       1.00       1.00    
     2.0000     6.3379     3.5350     2.8002  0.118E-02  0.167E-02   0.00       0.00       1.00       1.00    
     2.0000     6.3721     3.5541     2.8111  0.118E-02  0.167E-02   0.00       0.00       1.00       1.00    
     2.0000     6.4154     3.5783     2.8248  0.118E-02  0.167E-02   0.00       0.00       1.00       1.00    
     2.0000     6.5029     3.6269     2.8519  0.118E-02  0.167E-02   0.00       0.00       1.00       1.00    
     2.0000     6.6122     3.6882     2.8812  0.118E-02  0.167E-02   0.00       0.00       1.00       1.00    
     2.0000     6.7426     3.7609     2.9156  0.118E-02  0.167E-02   0.00       0.00       1.00       1.00    
     2.0000     6.8906     3.8432     2.9541  0.118E-02  0.167E-02   0.00       0.00       1.00       1.00    
     2.0000     7.0498     3.9321     2.9987  0.118E-02  0.167E-02   0.00       0.00       1.00       1.00    
     2.0000     7.2131     4.0232     3.0502  0.118E-02  0.167E-02   0.00       0.00       1.00       1.00    
     2.0000     7.3727     4.1123     3.1001  0.118E-02  0.167E-02   0.00       0.00       1.00       1.00    
     2.0000     7.5210     4.1950     3.1467  0.118E-02  0.167E-02   0.00       0.00       1.00       1.00    
     2.0000     7.6513     4.2678     3.1896  0.118E-02  0.167E-02   0.00       0.00       1.00       1.00    
     2.0000     7.7586     4.3276     3.2248  0.118E-02  0.167E-02   0.00       0.00       1.00       1.00    
     2.0000     7.8385     4.3722     3.2510  0.118E-02  0.167E-02   0.00       0.00       1.00       1.00    
     2.0000     7.8889     4.4003     3.2675  0.118E-02  0.167E-02   0.00       0.00       1.00       1.00    
     2.0000     7.9086     4.4111     3.2740  0.118E-02  0.167E-02   0.00       0.00       1.00       1.00    
     2.0000     7.8985     4.4056     3.2709  0.118E-02  0.167E-02   0.00       0.00       1.00       1.00    
     2.0000     7.8606     4.3845     3.2589  0.118E-02  0.167E-02   0.00       0.00       1.00       1.00    
     5.0000     7.8103     4.3563     3.2429  0.118E-02  0.167E-02   0.00       0.00       1.00       1.00    
     5.0000     7.7462     4.3212     3.2227  0.118E-02  0.167E-02   0.00       0.00       1.00       1.00    
     5.0000     7.6979     4.2954     3.2077  0.118E-02  0.167E-02   0.00       0.00       1.00       1.00    
     5.0000     7.6786     4.2854     3.2021  0.118E-02  0.167E-02   0.00       0.00       1.00       1.00    
     5.0000     7.6875     4.2913     3.2056  0.118E-02  0.167E-02   0.00       0.00       1.00       1.00    
     5.0000     7.7253     4.3043     3.2184  0.118E-02  0.167E-02   0.00       0.00       1.00       1.00    
     5.0000     7.7408     4.3226     3.2235  0.118E-02  0.167E-02   0.00       0.00       1.00       1.00    
     5.0000     7.7603     4.3344     3.2299  0.118E-02  0.167E-02   0.00       0.00       1.00       1.00    
     5.0000     7.7673     4.3374     3.2322  0.118E-02  0.167E-02   0.00       0.00       1.00       1.00    
     5.0000     7.7763     4.3452     3.2352  0.118E-02  0.167E-02   0.00       0.00       1.00       1.00    
    10.0000     7.7939     4.3524     3.2410  0.118E-02  0.167E-02   0.00       0.00       1.00       1.00    
    10.0000     7.8026     4.3617     3.2438  0.118E-02  0.167E-02   0.00       0.00       1.00       1.00    
    10.0000     7.8354     4.3736     3.2547  0.862E-02  0.131E-01   0.00       0.00       1.00       1.00    
    10.0000     7.8818     4.3860     3.2702  0.862E-02  0.131E-01   0.00       0.00       1.00       1.00    
    10.0000     7.9289     4.3984     3.2859  0.855E-02  0.131E-01   0.00       0.00       1.00       1.00    
    10.0000     7.9772     4.4133     3.3020  0.847E-02  0.131E-01   0.00       0.00       1.00       1.00    
    10.0000     8.0263     4.4277     3.3188  0.847E-02  0.131E-01   0.00       0.00       1.00       1.00    
    10.0000     8.0755     4.4407     3.3362  0.833E-02  0.130E-01   0.00       0.00       1.00       1.00    
    10.0000     8.1239     4.4544     3.3533  0.826E-02  0.129E-01   0.00       0.00       1.00       1.00    
    10.0000     8.1715     4.4678     3.3701  0.813E-02  0.128E-01   0.00       0.00       1.00       1.00    
    10.0000     8.2182     4.4799     3.3867  0.806E-02  0.126E-01   0.00       0.00       1.00       1.00    
    10.0000     8.2675     4.4996     3.4042  0.474E-02  0.746E-02   0.00       0.00       1.00       1.00    
    10.0000     8.3199     4.5265     3.4229  0.472E-02  0.741E-02   0.00       0.00       1.00       1.00    
    10.0000     8.3703     4.5521     3.4408  0.469E-02  0.741E-02   0.00       0.00       1.00       1.00    
    10.0000     8.4188     4.5774     3.4582  0.467E-02  0.735E-02   0.00       0.00       1.00       1.00    
    10.0000     8.4661     4.6013     3.4751  0.465E-02  0.735E-02   0.00       0.00       1.00       1.00    
    10.0000     8.5116     4.6239     3.4914  0.463E-02  0.730E-02   0.00       0.00       1.00       1.00    
    10.0000     8.5555     4.6454     3.5063  0.461E-02  0.730E-02   0.00       0.00       1.00       1.00    
    10.0000     8.5980     4.6659     3.5208  0.459E-02  0.725E-02   0.00       0.00       1.00       1.00    
    10.0000     8.6385     4.6858     3.5347  0.455E-02  0.725E-02   0.00       0.00       1.00       1.00    
    10.0000     8.6777     4.7045     3.5481  0.452E-02  0.719E-02   0.00       0.00       1.00       1.00    
    10.0000     8.7158     4.7226     3.5612  0.450E-02  0.714E-02   0.00       0.00       1.00       1.00    
    10.0000     8.7524     4.7400     3.5738  0.448E-02  0.714E-02   0.00       0.00       1.00       1.00    
    10.0000     8.7874     4.7566     3.5859  0.446E-02  0.709E-02   0.00       0.00       1.00       1.00    
    10.0000     8.8216     4.7728     3.5978  0.442E-02  0.704E-02   0.00       0.00       1.00       1.00    
    10.0000     8.8543     4.7882     3.6092  0.441E-02  0.704E-02   0.00       0.00       1.00       1.00    
    10.0000     8.8861     4.8028     3.6203  0.439E-02  0.699E-02   0.00       0.00       1.00       1.00    
    10.0000     8.9168     4.8172     3.6310  0.435E-02  0.694E-02   0.00       0.00       1.00       1.00    
    10.0000     8.9466     4.8308     3.6415  0.433E-02  0.690E-02   0.00       0.00       1.00       1.00    
    10.0000     8.9754     4.8442     3.6516  0.431E-02  0.690E-02   0.00       0.00       1.00       1.00    
    10.0000     9.0119     4.8615     3.6648  0.427E-02  0.685E-02   0.00       0.00       1.00       1.00    
    10.0000     9.3769     5.0911     3.8108  0.388E-02  0.613E-02   0.00       0.00       1.00       1.00    
    10.0000     9.4105     5.1123     3.8242  0.388E-02  0.613E-02   0.00       0.00       1.00       1.00    
    10.0000     9.4438     5.1336     3.8375  0.386E-02  0.610E-02   0.00       0.00       1.00       1.00    
    10.0000     9.4777     5.1546     3.8511  0.386E-02  0.610E-02   0.00       0.00       1.00       1.00    
    10.0000     9.5112     5.1758     3.8643  0.385E-02  0.606E-02   0.00       0.00       1.00       1.00    
    10.0000     9.5449     5.1970     3.8771  0.385E-02  0.606E-02   0.00       0.00       1.00       1.00    
    10.0000     9.5785     5.2181     3.8898  0.383E-02  0.606E-02   0.00       0.00       1.00       1.00    
    10.0000     9.6119     5.2394     3.9025  0.383E-02  0.602E-02   0.00       0.00       1.00       1.00    
    10.0000     9.6458     5.2604     3.9154  0.383E-02  0.602E-02   0.00       0.00       1.00       1.00    
    10.0000     9.6794     5.2816     3.9282  0.382E-02  0.599E-02   0.00       0.00       1.00       1.00    
    10.0000     9.7130     5.3029     3.9409  0.382E-02  0.599E-02   0.00       0.00       1.00       1.00    
    10.0000     9.7466     5.3242     3.9537  0.380E-02  0.599E-02   0.00       0.00       1.00       1.00    
    10.0000     9.7799     5.3454     3.9664  0.380E-02  0.595E-02   0.00       0.00       1.00       1.00    
    10.0000     9.8137     5.3669     3.9792  0.380E-02  0.595E-02   0.00       0.00       1.00       1.00    
    10.0000     9.8473     5.3883     3.9920  0.379E-02  0.592E-02   0.00       0.00       1.00       1.00    
    10.0000     9.8808     5.4094     4.0047  0.379E-02  0.592E-02   0.00       0.00       1.00       1.00    
     0.0000     9.9144     5.4306     4.0175  0.377E-02  0.592E-02   0.00       0.00       1.00       1.00    
