MODEL.01
 
ISOTROPIC
KGS
SPHERICAL EARTH
1-D
CONSTANT VELOCITY
LINE08
LINE09
LINE10
LINE11
      H(KM)   VP(KM/S)   VS(KM/S) RHO(GM/CC)     QP         QS       ETAP       ETAS      FREFP      FREFS    
     2.0000     6.1480     3.4295     2.7453  0.118E-02  0.167E-02   0.00       0.00       1.00       1.00    
     2.0000     6.1610     3.4363     2.7491  0.118E-02  0.167E-02   0.00       0.00       1.00       1.00    
     2.0000     6.1856     3.4504     2.7562  0.118E-02  0.167E-02   0.00       0.00       1.00       1.00    
     2.0000     6.2194     3.4690     2.7657  0.118E-02  0.167E-02   0.00       0.00       1.00       1.00    
     2.0000     6.2553     3.4889     2.7758  0.118E-02  0.167E-02   0.00       0.00       1.00       1.00    
     2.0000     6.2888     3.5078     2.7854  0.118E-02  0.167E-02   0.00       0.00       1.00       1.00    
     2.0000     6.3185     3.5245     2.7940  0.118E-02  0.167E-02   0.00       0.00       1.00       1.00    
     2.0000     6.3467     3.5399     2.8027  0.118E-02  0.167E-02   0.00       0.00       1.00       1.00    
     2.0000     6.3776     3.5572     2.8124  0.118E-02  0.167E-02   0.00       0.00       1.00       1.00    
     2.0000     6.4162     3.5788     2.8247  0.118E-02  0.167E-02   0.00       0.00       1.00       1.00    
     2.0000     6.4962     3.6231     2.8498  0.118E-02  0.167E-02   0.00       0.00       1.00       1.00    
     2.0000     6.5990     3.6808     2.8774  0.118E-02  0.167E-02   0.00       0.00       1.00       1.00    
     2.0000     6.7251     3.7512     2.9107  0.118E-02  0.167E-02   0.00       0.00       1.00       1.00    
     2.0000     6.8717     3.8327     2.9491  0.118E-02  0.167E-02   0.00       0.00       1.00       1.00    
     2.0000     7.0325     3.9225     2.9932  0.118E-02  0.167E-02   0.00       0.00       1.00       1.00    
     2.0000     7.2000     4.0159     3.0461  0.118E-02  0.167E-02   0.00       0.00       1.00       1.00    
     2.0000     7.3658     4.1085     3.0982  0.118E-02  0.167E-02   0.00       0.00       1.00       1.00    
     2.0000     7.5215     4.1953     3.1473  0.118E-02  0.167E-02   0.00       0.00       1.00       1.00    
     2.0000     7.6595     4.2724     3.1930  0.118E-02  0.167E-02   0.00       0.00       1.00       1.00    
     2.0000     7.7741     4.3363     3.2307  0.118E-02  0.167E-02   0.00       0.00       1.00       1.00    
     2.0000     7.8599     4.3841     3.2589  0.118E-02  0.167E-02   0.00       0.00       1.00       1.00    
     2.0000     7.9143     4.4145     3.2767  0.118E-02  0.167E-02   0.00       0.00       1.00       1.00    
     2.0000     7.9356     4.4262     3.2836  0.118E-02  0.167E-02   0.00       0.00       1.00       1.00    
     2.0000     7.9243     4.4200     3.2799  0.118E-02  0.167E-02   0.00       0.00       1.00       1.00    
     2.0000     7.8821     4.3965     3.2663  0.118E-02  0.167E-02   0.00       0.00       1.00       1.00    
     5.0000     7.8261     4.3652     3.2482  0.118E-02  0.167E-02   0.00       0.00       1.00       1.00    
     5.0000     7.7535     4.3252     3.2249  0.118E-02  0.167E-02   0.00       0.00       1.00       1.00    
     5.0000     7.6970     4.2949     3.2070  0.118E-02  0.167E-02   0.00       0.00       1.00       1.00    
     5.0000     7.6721     4.2817     3.1995  0.118E-02  0.167E-02   0.00       0.00       1.00       1.00    
     5.0000     7.6783     4.2862     3.2021  0.118E-02  0.167E-02   0.00       0.00       1.00       1.00    
     5.0000     7.7157     4.2989     3.2149  0.118E-02  0.167E-02   0.00       0.00       1.00       1.00    
     5.0000     7.7322     4.3178     3.2204  0.118E-02  0.167E-02   0.00       0.00       1.00       1.00    
     5.0000     7.7527     4.3301     3.2272  0.118E-02  0.167E-02   0.00       0.00       1.00       1.00    
     5.0000     7.7601     4.3333     3.2296  0.118E-02  0.167E-02   0.00       0.00       1.00       1.00    
     5.0000     7.7697     4.3415     3.2328  0.118E-02  0.167E-02   0.00       0.00       1.00       1.00    
    10.0000     7.7880     4.3491     3.2389  0.118E-02  0.167E-02   0.00       0.00       1.00       1.00    
    10.0000     7.7977     4.3590     3.2420  0.118E-02  0.167E-02   0.00       0.00       1.00       1.00    
    10.0000     7.8319     4.3716     3.2534  0.862E-02  0.131E-01   0.00       0.00       1.00       1.00    
    10.0000     7.8798     4.3849     3.2695  0.862E-02  0.131E-01   0.00       0.00       1.00       1.00    
    10.0000     7.9287     4.3982     3.2858  0.855E-02  0.131E-01   0.00       0.00       1.00       1.00    
    10.0000     7.9787     4.4141     3.3025  0.847E-02  0.131E-01   0.00       0.00       1.00       1.00    
    10.0000     8.0296     4.4295     3.3201  0.847E-02  0.131E-01   0.00       0.00       1.00       1.00    
    10.0000     8.0806     4.4435     3.3381  0.833E-02  0.130E-01   0.00       0.00       1.00       1.00    
    10.0000     8.1307     4.4581     3.3559  0.826E-02  0.129E-01   0.00       0.00       1.00       1.00    
    10.0000     8.1799     4.4723     3.3733  0.813E-02  0.128E-01   0.00       0.00       1.00       1.00    
    10.0000     8.2280     4.4852     3.3904  0.806E-02  0.126E-01   0.00       0.00       1.00       1.00    
    10.0000     8.2785     4.5055     3.4083  0.474E-02  0.746E-02   0.00       0.00       1.00       1.00    
    10.0000     8.3319     4.5330     3.4274  0.472E-02  0.741E-02   0.00       0.00       1.00       1.00    
    10.0000     8.3831     4.5591     3.4456  0.469E-02  0.741E-02   0.00       0.00       1.00       1.00    
    10.0000     8.4322     4.5847     3.4632  0.467E-02  0.735E-02   0.00       0.00       1.00       1.00    
    10.0000     8.4799     4.6088     3.4803  0.465E-02  0.735E-02   0.00       0.00       1.00       1.00    
    10.0000     8.5256     4.6315     3.4964  0.463E-02  0.730E-02   0.00       0.00       1.00       1.00    
    10.0000     8.5694     4.6530     3.5113  0.461E-02  0.730E-02   0.00       0.00       1.00       1.00    
    10.0000     8.6117     4.6734     3.5257  0.459E-02  0.725E-02   0.00       0.00       1.00       1.00    
    10.0000     8.6518     4.6931     3.5394  0.455E-02  0.725E-02   0.00       0.00       1.00       1.00    
    10.0000     8.6905     4.7114     3.5526  0.452E-02  0.719E-02   0.00       0.00       1.00       1.00    
    10.0000     8.7278     4.7291     3.5654  0.450E-02  0.714E-02   0.00       0.00       1.00       1.00    
    10.0000     8.7634     4.7459     3.5777  0.448E-02  0.714E-02   0.00       0.00       1.00       1.00    
    10.0000     8.7973     4.7619     3.5894  0.446E-02  0.709E-02   0.00       0.00       1.00       1.00    
    10.0000     8.8302     4.7775     3.6008  0.442E-02  0.704E-02   0.00       0.00       1.00       1.00    
    10.0000     8.8615     4.7921     3.6117  0.441E-02  0.704E-02   0.00       0.00       1.00       1.00    
    10.0000     8.8916     4.8058     3.6222  0.439E-02  0.699E-02   0.00       0.00       1.00       1.00    
    10.0000     8.9207     4.8193     3.6324  0.435E-02  0.694E-02   0.00       0.00       1.00       1.00    
    10.0000     8.9486     4.8318     3.6422  0.433E-02  0.690E-02   0.00       0.00       1.00       1.00    
    10.0000     8.9754     4.8442     3.6516  0.431E-02  0.690E-02   0.00       0.00       1.00       1.00    
    10.0000     9.0119     4.8615     3.6648  0.427E-02  0.685E-02   0.00       0.00       1.00       1.00    
    10.0000     9.3769     5.0911     3.8108  0.388E-02  0.613E-02   0.00       0.00       1.00       1.00    
    10.0000     9.4105     5.1123     3.8242  0.388E-02  0.613E-02   0.00       0.00       1.00       1.00    
    10.0000     9.4438     5.1336     3.8375  0.386E-02  0.610E-02   0.00       0.00       1.00       1.00    
    10.0000     9.4777     5.1546     3.8511  0.386E-02  0.610E-02   0.00       0.00       1.00       1.00    
    10.0000     9.5112     5.1758     3.8643  0.385E-02  0.606E-02   0.00       0.00       1.00       1.00    
    10.0000     9.5449     5.1970     3.8771  0.385E-02  0.606E-02   0.00       0.00       1.00       1.00    
    10.0000     9.5785     5.2181     3.8898  0.383E-02  0.606E-02   0.00       0.00       1.00       1.00    
    10.0000     9.6119     5.2394     3.9025  0.383E-02  0.602E-02   0.00       0.00       1.00       1.00    
    10.0000     9.6458     5.2604     3.9154  0.383E-02  0.602E-02   0.00       0.00       1.00       1.00    
    10.0000     9.6794     5.2816     3.9282  0.382E-02  0.599E-02   0.00       0.00       1.00       1.00    
    10.0000     9.7130     5.3029     3.9409  0.382E-02  0.599E-02   0.00       0.00       1.00       1.00    
    10.0000     9.7466     5.3242     3.9537  0.380E-02  0.599E-02   0.00       0.00       1.00       1.00    
    10.0000     9.7799     5.3454     3.9664  0.380E-02  0.595E-02   0.00       0.00       1.00       1.00    
    10.0000     9.8137     5.3669     3.9792  0.380E-02  0.595E-02   0.00       0.00       1.00       1.00    
    10.0000     9.8473     5.3883     3.9920  0.379E-02  0.592E-02   0.00       0.00       1.00       1.00    
    10.0000     9.8808     5.4094     4.0047  0.379E-02  0.592E-02   0.00       0.00       1.00       1.00    
     0.0000     9.9144     5.4306     4.0175  0.377E-02  0.592E-02   0.00       0.00       1.00       1.00    
