MODEL.01
 
ISOTROPIC
KGS
SPHERICAL EARTH
1-D
CONSTANT VELOCITY
LINE08
LINE09
LINE10
LINE11
      H(KM)   VP(KM/S)   VS(KM/S) RHO(GM/CC)     QP         QS       ETAP       ETAS      FREFP      FREFS    
     2.0000     6.0878     3.3958     2.7318  0.118E-02  0.167E-02   0.00       0.00       1.00       1.00    
     2.0000     6.0967     3.4005     2.7343  0.118E-02  0.167E-02   0.00       0.00       1.00       1.00    
     2.0000     6.1124     3.4094     2.7390  0.118E-02  0.167E-02   0.00       0.00       1.00       1.00    
     2.0000     6.1362     3.4226     2.7466  0.118E-02  0.167E-02   0.00       0.00       1.00       1.00    
     2.0000     6.1690     3.4409     2.7577  0.118E-02  0.167E-02   0.00       0.00       1.00       1.00    
     2.0000     6.2116     3.4646     2.7727  0.118E-02  0.167E-02   0.00       0.00       1.00       1.00    
     2.0000     6.2644     3.4942     2.7913  0.118E-02  0.167E-02   0.00       0.00       1.00       1.00    
     2.0000     6.3274     3.5291     2.8133  0.118E-02  0.167E-02   0.00       0.00       1.00       1.00    
     2.0000     6.3994     3.5694     2.8378  0.118E-02  0.167E-02   0.00       0.00       1.00       1.00    
     2.0000     6.4793     3.6140     2.8623  0.118E-02  0.167E-02   0.00       0.00       1.00       1.00    
     2.0000     6.6131     3.6886     2.8993  0.118E-02  0.167E-02   0.00       0.00       1.00       1.00    
     2.0000     6.7521     3.7663     2.9366  0.118E-02  0.167E-02   0.00       0.00       1.00       1.00    
     2.0000     6.8926     3.8445     2.9731  0.118E-02  0.167E-02   0.00       0.00       1.00       1.00    
     2.0000     7.0304     3.9214     3.0143  0.118E-02  0.167E-02   0.00       0.00       1.00       1.00    
     2.0000     7.1619     3.9946     3.0540  0.118E-02  0.167E-02   0.00       0.00       1.00       1.00    
     2.0000     7.2835     4.0626     3.0897  0.118E-02  0.167E-02   0.00       0.00       1.00       1.00    
     2.0000     7.3928     4.1234     3.1211  0.118E-02  0.167E-02   0.00       0.00       1.00       1.00    
     2.0000     7.4876     4.1764     3.1482  0.118E-02  0.167E-02   0.00       0.00       1.00       1.00    
     2.0000     7.5667     4.2207     3.1713  0.118E-02  0.167E-02   0.00       0.00       1.00       1.00    
     2.0000     7.6298     4.2557     3.1894  0.118E-02  0.167E-02   0.00       0.00       1.00       1.00    
     2.0000     7.6769     4.2821     3.2028  0.118E-02  0.167E-02   0.00       0.00       1.00       1.00    
     2.0000     7.7089     4.2998     3.2118  0.118E-02  0.167E-02   0.00       0.00       1.00       1.00    
     2.0000     7.7270     4.3098     3.2170  0.118E-02  0.167E-02   0.00       0.00       1.00       1.00    
     2.0000     7.7331     4.3133     3.2191  0.118E-02  0.167E-02   0.00       0.00       1.00       1.00    
     2.0000     7.7294     4.3113     3.2188  0.118E-02  0.167E-02   0.00       0.00       1.00       1.00    
     5.0000     7.7205     4.3064     3.2172  0.118E-02  0.167E-02   0.00       0.00       1.00       1.00    
     5.0000     7.7107     4.3016     3.2159  0.118E-02  0.167E-02   0.00       0.00       1.00       1.00    
     5.0000     7.7100     4.3022     3.2175  0.118E-02  0.167E-02   0.00       0.00       1.00       1.00    
     5.0000     7.7215     4.3094     3.2223  0.118E-02  0.167E-02   0.00       0.00       1.00       1.00    
     5.0000     7.7422     4.3218     3.2294  0.118E-02  0.167E-02   0.00       0.00       1.00       1.00    
     5.0000     7.7784     4.3340     3.2413  0.118E-02  0.167E-02   0.00       0.00       1.00       1.00    
     5.0000     7.7858     4.3479     3.2431  0.118E-02  0.167E-02   0.00       0.00       1.00       1.00    
     5.0000     7.7983     4.3557     3.2469  0.118E-02  0.167E-02   0.00       0.00       1.00       1.00    
     5.0000     7.8027     4.3572     3.2482  0.118E-02  0.167E-02   0.00       0.00       1.00       1.00    
     5.0000     7.8080     4.3629     3.2498  0.118E-02  0.167E-02   0.00       0.00       1.00       1.00    
    10.0000     7.8209     4.3676     3.2539  0.118E-02  0.167E-02   0.00       0.00       1.00       1.00    
    10.0000     7.8229     4.3730     3.2542  0.118E-02  0.167E-02   0.00       0.00       1.00       1.00    
    10.0000     7.8479     4.3806     3.2622  0.862E-02  0.131E-01   0.00       0.00       1.00       1.00    
    10.0000     7.8849     4.3878     3.2743  0.862E-02  0.131E-01   0.00       0.00       1.00       1.00    
    10.0000     7.9221     4.3946     3.2864  0.855E-02  0.131E-01   0.00       0.00       1.00       1.00    
    10.0000     7.9601     4.4038     3.2987  0.847E-02  0.131E-01   0.00       0.00       1.00       1.00    
    10.0000     7.9989     4.4125     3.3114  0.847E-02  0.131E-01   0.00       0.00       1.00       1.00    
    10.0000     8.0378     4.4201     3.3248  0.833E-02  0.130E-01   0.00       0.00       1.00       1.00    
    10.0000     8.0766     4.4286     3.3382  0.826E-02  0.129E-01   0.00       0.00       1.00       1.00    
    10.0000     8.1158     4.4371     3.3517  0.813E-02  0.128E-01   0.00       0.00       1.00       1.00    
    10.0000     8.1545     4.4451     3.3652  0.806E-02  0.126E-01   0.00       0.00       1.00       1.00    
    10.0000     8.1973     4.4614     3.3801  0.474E-02  0.746E-02   0.00       0.00       1.00       1.00    
    10.0000     8.2441     4.4854     3.3965  0.472E-02  0.741E-02   0.00       0.00       1.00       1.00    
    10.0000     8.2904     4.5089     3.4129  0.469E-02  0.741E-02   0.00       0.00       1.00       1.00    
    10.0000     8.3362     4.5324     3.4291  0.467E-02  0.735E-02   0.00       0.00       1.00       1.00    
    10.0000     8.3816     4.5555     3.4452  0.465E-02  0.735E-02   0.00       0.00       1.00       1.00    
    10.0000     8.4266     4.5779     3.4612  0.463E-02  0.730E-02   0.00       0.00       1.00       1.00    
    10.0000     8.4713     4.5999     3.4772  0.461E-02  0.730E-02   0.00       0.00       1.00       1.00    
    10.0000     8.5155     4.6211     3.4929  0.459E-02  0.725E-02   0.00       0.00       1.00       1.00    
    10.0000     8.5592     4.6427     3.5078  0.455E-02  0.725E-02   0.00       0.00       1.00       1.00    
    10.0000     8.6023     4.6635     3.5225  0.452E-02  0.719E-02   0.00       0.00       1.00       1.00    
    10.0000     8.6453     4.6845     3.5372  0.450E-02  0.714E-02   0.00       0.00       1.00       1.00    
    10.0000     8.6877     4.7050     3.5518  0.448E-02  0.714E-02   0.00       0.00       1.00       1.00    
    10.0000     8.7297     4.7254     3.5663  0.446E-02  0.709E-02   0.00       0.00       1.00       1.00    
    10.0000     8.7715     4.7456     3.5807  0.442E-02  0.704E-02   0.00       0.00       1.00       1.00    
    10.0000     8.8128     4.7658     3.5950  0.441E-02  0.704E-02   0.00       0.00       1.00       1.00    
    10.0000     8.8539     4.7854     3.6093  0.439E-02  0.699E-02   0.00       0.00       1.00       1.00    
    10.0000     8.8947     4.8053     3.6235  0.435E-02  0.694E-02   0.00       0.00       1.00       1.00    
    10.0000     8.9352     4.8246     3.6376  0.433E-02  0.690E-02   0.00       0.00       1.00       1.00    
    10.0000     8.9754     4.8442     3.6516  0.431E-02  0.690E-02   0.00       0.00       1.00       1.00    
    10.0000     9.0119     4.8615     3.6648  0.427E-02  0.685E-02   0.00       0.00       1.00       1.00    
    10.0000     9.3769     5.0911     3.8108  0.388E-02  0.613E-02   0.00       0.00       1.00       1.00    
    10.0000     9.4105     5.1123     3.8242  0.388E-02  0.613E-02   0.00       0.00       1.00       1.00    
    10.0000     9.4438     5.1336     3.8375  0.386E-02  0.610E-02   0.00       0.00       1.00       1.00    
    10.0000     9.4777     5.1546     3.8511  0.386E-02  0.610E-02   0.00       0.00       1.00       1.00    
    10.0000     9.5112     5.1758     3.8643  0.385E-02  0.606E-02   0.00       0.00       1.00       1.00    
    10.0000     9.5449     5.1970     3.8771  0.385E-02  0.606E-02   0.00       0.00       1.00       1.00    
    10.0000     9.5785     5.2181     3.8898  0.383E-02  0.606E-02   0.00       0.00       1.00       1.00    
    10.0000     9.6119     5.2394     3.9025  0.383E-02  0.602E-02   0.00       0.00       1.00       1.00    
    10.0000     9.6458     5.2604     3.9154  0.383E-02  0.602E-02   0.00       0.00       1.00       1.00    
    10.0000     9.6794     5.2816     3.9282  0.382E-02  0.599E-02   0.00       0.00       1.00       1.00    
    10.0000     9.7130     5.3029     3.9409  0.382E-02  0.599E-02   0.00       0.00       1.00       1.00    
    10.0000     9.7466     5.3242     3.9537  0.380E-02  0.599E-02   0.00       0.00       1.00       1.00    
    10.0000     9.7799     5.3454     3.9664  0.380E-02  0.595E-02   0.00       0.00       1.00       1.00    
    10.0000     9.8137     5.3669     3.9792  0.380E-02  0.595E-02   0.00       0.00       1.00       1.00    
    10.0000     9.8473     5.3883     3.9920  0.379E-02  0.592E-02   0.00       0.00       1.00       1.00    
    10.0000     9.8808     5.4094     4.0047  0.379E-02  0.592E-02   0.00       0.00       1.00       1.00    
     0.0000     9.9144     5.4306     4.0175  0.377E-02  0.592E-02   0.00       0.00       1.00       1.00    
