MODEL.01
 
ISOTROPIC
KGS
SPHERICAL EARTH
1-D
CONSTANT VELOCITY
LINE08
LINE09
LINE10
LINE11
      H(KM)   VP(KM/S)   VS(KM/S) RHO(GM/CC)     QP         QS       ETAP       ETAS      FREFP      FREFS    
     2.0000     6.1430     3.4266     2.7394  0.118E-02  0.167E-02   0.00       0.00       1.00       1.00    
     2.0000     6.1528     3.4317     2.7422  0.118E-02  0.167E-02   0.00       0.00       1.00       1.00    
     2.0000     6.1691     3.4411     2.7468  0.118E-02  0.167E-02   0.00       0.00       1.00       1.00    
     2.0000     6.1908     3.4530     2.7532  0.118E-02  0.167E-02   0.00       0.00       1.00       1.00    
     2.0000     6.2161     3.4672     2.7610  0.118E-02  0.167E-02   0.00       0.00       1.00       1.00    
     2.0000     6.2453     3.4834     2.7704  0.118E-02  0.167E-02   0.00       0.00       1.00       1.00    
     2.0000     6.2797     3.5028     2.7818  0.118E-02  0.167E-02   0.00       0.00       1.00       1.00    
     2.0000     6.3215     3.5259     2.7957  0.118E-02  0.167E-02   0.00       0.00       1.00       1.00    
     2.0000     6.3725     3.5543     2.8125  0.118E-02  0.167E-02   0.00       0.00       1.00       1.00    
     2.0000     6.4338     3.5886     2.8322  0.118E-02  0.167E-02   0.00       0.00       1.00       1.00    
     2.0000     6.5461     3.6512     2.8653  0.118E-02  0.167E-02   0.00       0.00       1.00       1.00    
     2.0000     6.6731     3.7222     2.8992  0.118E-02  0.167E-02   0.00       0.00       1.00       1.00    
     2.0000     6.8114     3.7993     2.9355  0.118E-02  0.167E-02   0.00       0.00       1.00       1.00    
     2.0000     6.9564     3.8801     2.9728  0.118E-02  0.167E-02   0.00       0.00       1.00       1.00    
     2.0000     7.1029     3.9618     3.0170  0.118E-02  0.167E-02   0.00       0.00       1.00       1.00    
     2.0000     7.2454     4.0413     3.0610  0.118E-02  0.167E-02   0.00       0.00       1.00       1.00    
     2.0000     7.3789     4.1157     3.1019  0.118E-02  0.167E-02   0.00       0.00       1.00       1.00    
     2.0000     7.4990     4.1827     3.1384  0.118E-02  0.167E-02   0.00       0.00       1.00       1.00    
     2.0000     7.6018     4.2403     3.1714  0.118E-02  0.167E-02   0.00       0.00       1.00       1.00    
     2.0000     7.6855     4.2867     3.1983  0.118E-02  0.167E-02   0.00       0.00       1.00       1.00    
     2.0000     7.7479     4.3217     3.2184  0.118E-02  0.167E-02   0.00       0.00       1.00       1.00    
     2.0000     7.7890     4.3445     3.2319  0.118E-02  0.167E-02   0.00       0.00       1.00       1.00    
     2.0000     7.8090     4.3555     3.2390  0.118E-02  0.167E-02   0.00       0.00       1.00       1.00    
     2.0000     7.8094     4.3559     3.2400  0.118E-02  0.167E-02   0.00       0.00       1.00       1.00    
     2.0000     7.7926     4.3466     3.2359  0.118E-02  0.167E-02   0.00       0.00       1.00       1.00    
     5.0000     7.7672     4.3324     3.2291  0.118E-02  0.167E-02   0.00       0.00       1.00       1.00    
     5.0000     7.7356     4.3154     3.2206  0.118E-02  0.167E-02   0.00       0.00       1.00       1.00    
     5.0000     7.7154     4.3053     3.2155  0.118E-02  0.167E-02   0.00       0.00       1.00       1.00    
     5.0000     7.7139     4.3052     3.2161  0.118E-02  0.167E-02   0.00       0.00       1.00       1.00    
     5.0000     7.7292     4.3146     3.2215  0.118E-02  0.167E-02   0.00       0.00       1.00       1.00    
     5.0000     7.7654     4.3267     3.2335  0.118E-02  0.167E-02   0.00       0.00       1.00       1.00    
     5.0000     7.7753     4.3420     3.2365  0.118E-02  0.167E-02   0.00       0.00       1.00       1.00    
     5.0000     7.7903     4.3512     3.2412  0.118E-02  0.167E-02   0.00       0.00       1.00       1.00    
     5.0000     7.7957     4.3533     3.2429  0.118E-02  0.167E-02   0.00       0.00       1.00       1.00    
     5.0000     7.8023     4.3597     3.2450  0.118E-02  0.167E-02   0.00       0.00       1.00       1.00    
    10.0000     7.8170     4.3654     3.2498  0.118E-02  0.167E-02   0.00       0.00       1.00       1.00    
    10.0000     7.8214     4.3722     3.2509  0.118E-02  0.167E-02   0.00       0.00       1.00       1.00    
    10.0000     7.8492     4.3813     3.2601  0.862E-02  0.131E-01   0.00       0.00       1.00       1.00    
    10.0000     7.8897     4.3904     3.2734  0.862E-02  0.131E-01   0.00       0.00       1.00       1.00    
    10.0000     7.9306     4.3993     3.2869  0.855E-02  0.131E-01   0.00       0.00       1.00       1.00    
    10.0000     7.9724     4.4106     3.3006  0.847E-02  0.131E-01   0.00       0.00       1.00       1.00    
    10.0000     8.0149     4.4214     3.3149  0.847E-02  0.131E-01   0.00       0.00       1.00       1.00    
    10.0000     8.0575     4.4309     3.3298  0.833E-02  0.130E-01   0.00       0.00       1.00       1.00    
    10.0000     8.0997     4.4413     3.3445  0.826E-02  0.129E-01   0.00       0.00       1.00       1.00    
    10.0000     8.1419     4.4515     3.3593  0.813E-02  0.128E-01   0.00       0.00       1.00       1.00    
    10.0000     8.1834     4.4608     3.3739  0.806E-02  0.126E-01   0.00       0.00       1.00       1.00    
    10.0000     8.2284     4.4783     3.3898  0.474E-02  0.746E-02   0.00       0.00       1.00       1.00    
    10.0000     8.2771     4.5033     3.4070  0.472E-02  0.741E-02   0.00       0.00       1.00       1.00    
    10.0000     8.3247     4.5274     3.4239  0.469E-02  0.741E-02   0.00       0.00       1.00       1.00    
    10.0000     8.3712     4.5515     3.4405  0.467E-02  0.735E-02   0.00       0.00       1.00       1.00    
    10.0000     8.4170     4.5747     3.4569  0.465E-02  0.735E-02   0.00       0.00       1.00       1.00    
    10.0000     8.4619     4.5970     3.4730  0.463E-02  0.730E-02   0.00       0.00       1.00       1.00    
    10.0000     8.5061     4.6187     3.4890  0.461E-02  0.730E-02   0.00       0.00       1.00       1.00    
    10.0000     8.5493     4.6394     3.5037  0.459E-02  0.725E-02   0.00       0.00       1.00       1.00    
    10.0000     8.5915     4.6603     3.5182  0.455E-02  0.725E-02   0.00       0.00       1.00       1.00    
    10.0000     8.6328     4.6802     3.5324  0.452E-02  0.719E-02   0.00       0.00       1.00       1.00    
    10.0000     8.6737     4.6999     3.5464  0.450E-02  0.714E-02   0.00       0.00       1.00       1.00    
    10.0000     8.7137     4.7190     3.5602  0.448E-02  0.714E-02   0.00       0.00       1.00       1.00    
    10.0000     8.7527     4.7378     3.5738  0.446E-02  0.709E-02   0.00       0.00       1.00       1.00    
    10.0000     8.7915     4.7564     3.5872  0.442E-02  0.704E-02   0.00       0.00       1.00       1.00    
    10.0000     8.8293     4.7747     3.6004  0.441E-02  0.704E-02   0.00       0.00       1.00       1.00    
    10.0000     8.8666     4.7923     3.6134  0.439E-02  0.699E-02   0.00       0.00       1.00       1.00    
    10.0000     8.9035     4.8100     3.6263  0.435E-02  0.694E-02   0.00       0.00       1.00       1.00    
    10.0000     8.9397     4.8270     3.6391  0.433E-02  0.690E-02   0.00       0.00       1.00       1.00    
    10.0000     8.9754     4.8442     3.6516  0.431E-02  0.690E-02   0.00       0.00       1.00       1.00    
    10.0000     9.0119     4.8615     3.6648  0.427E-02  0.685E-02   0.00       0.00       1.00       1.00    
    10.0000     9.3769     5.0911     3.8108  0.388E-02  0.613E-02   0.00       0.00       1.00       1.00    
    10.0000     9.4105     5.1123     3.8242  0.388E-02  0.613E-02   0.00       0.00       1.00       1.00    
    10.0000     9.4438     5.1336     3.8375  0.386E-02  0.610E-02   0.00       0.00       1.00       1.00    
    10.0000     9.4777     5.1546     3.8511  0.386E-02  0.610E-02   0.00       0.00       1.00       1.00    
    10.0000     9.5112     5.1758     3.8643  0.385E-02  0.606E-02   0.00       0.00       1.00       1.00    
    10.0000     9.5449     5.1970     3.8771  0.385E-02  0.606E-02   0.00       0.00       1.00       1.00    
    10.0000     9.5785     5.2181     3.8898  0.383E-02  0.606E-02   0.00       0.00       1.00       1.00    
    10.0000     9.6119     5.2394     3.9025  0.383E-02  0.602E-02   0.00       0.00       1.00       1.00    
    10.0000     9.6458     5.2604     3.9154  0.383E-02  0.602E-02   0.00       0.00       1.00       1.00    
    10.0000     9.6794     5.2816     3.9282  0.382E-02  0.599E-02   0.00       0.00       1.00       1.00    
    10.0000     9.7130     5.3029     3.9409  0.382E-02  0.599E-02   0.00       0.00       1.00       1.00    
    10.0000     9.7466     5.3242     3.9537  0.380E-02  0.599E-02   0.00       0.00       1.00       1.00    
    10.0000     9.7799     5.3454     3.9664  0.380E-02  0.595E-02   0.00       0.00       1.00       1.00    
    10.0000     9.8137     5.3669     3.9792  0.380E-02  0.595E-02   0.00       0.00       1.00       1.00    
    10.0000     9.8473     5.3883     3.9920  0.379E-02  0.592E-02   0.00       0.00       1.00       1.00    
    10.0000     9.8808     5.4094     4.0047  0.379E-02  0.592E-02   0.00       0.00       1.00       1.00    
     0.0000     9.9144     5.4306     4.0175  0.377E-02  0.592E-02   0.00       0.00       1.00       1.00    
