MODEL.01
 
ISOTROPIC
KGS
SPHERICAL EARTH
1-D
CONSTANT VELOCITY
LINE08
LINE09
LINE10
LINE11
      H(KM)   VP(KM/S)   VS(KM/S) RHO(GM/CC)     QP         QS       ETAP       ETAS      FREFP      FREFS    
     2.0000     6.1351     3.4223     2.7420  0.118E-02  0.167E-02   0.00       0.00       1.00       1.00    
     2.0000     6.1491     3.4297     2.7461  0.118E-02  0.167E-02   0.00       0.00       1.00       1.00    
     2.0000     6.1772     3.4457     2.7542  0.118E-02  0.167E-02   0.00       0.00       1.00       1.00    
     2.0000     6.2173     3.4678     2.7656  0.118E-02  0.167E-02   0.00       0.00       1.00       1.00    
     2.0000     6.2607     3.4919     2.7778  0.118E-02  0.167E-02   0.00       0.00       1.00       1.00    
     2.0000     6.3006     3.5144     2.7891  0.118E-02  0.167E-02   0.00       0.00       1.00       1.00    
     2.0000     6.3340     3.5331     2.7986  0.118E-02  0.167E-02   0.00       0.00       1.00       1.00    
     2.0000     6.3619     3.5485     2.8070  0.118E-02  0.167E-02   0.00       0.00       1.00       1.00    
     2.0000     6.3893     3.5637     2.8155  0.118E-02  0.167E-02   0.00       0.00       1.00       1.00    
     2.0000     6.4219     3.5820     2.8259  0.118E-02  0.167E-02   0.00       0.00       1.00       1.00    
     2.0000     6.4911     3.6203     2.8477  0.118E-02  0.167E-02   0.00       0.00       1.00       1.00    
     2.0000     6.5839     3.6724     2.8730  0.118E-02  0.167E-02   0.00       0.00       1.00       1.00    
     2.0000     6.7027     3.7387     2.9045  0.118E-02  0.167E-02   0.00       0.00       1.00       1.00    
     2.0000     6.8456     3.8182     2.9420  0.118E-02  0.167E-02   0.00       0.00       1.00       1.00    
     2.0000     7.0070     3.9083     2.9849  0.118E-02  0.167E-02   0.00       0.00       1.00       1.00    
     2.0000     7.1791     4.0042     3.0396  0.118E-02  0.167E-02   0.00       0.00       1.00       1.00    
     2.0000     7.3526     4.1011     3.0943  0.118E-02  0.167E-02   0.00       0.00       1.00       1.00    
     2.0000     7.5179     4.1933     3.1467  0.118E-02  0.167E-02   0.00       0.00       1.00       1.00    
     2.0000     7.6666     4.2764     3.1960  0.118E-02  0.167E-02   0.00       0.00       1.00       1.00    
     2.0000     7.7915     4.3460     3.2374  0.118E-02  0.167E-02   0.00       0.00       1.00       1.00    
     2.0000     7.8863     4.3988     3.2686  0.118E-02  0.167E-02   0.00       0.00       1.00       1.00    
     2.0000     7.9471     4.4328     3.2885  0.118E-02  0.167E-02   0.00       0.00       1.00       1.00    
     2.0000     7.9717     4.4463     3.2965  0.118E-02  0.167E-02   0.00       0.00       1.00       1.00    
     2.0000     7.9601     4.4401     3.2925  0.118E-02  0.167E-02   0.00       0.00       1.00       1.00    
     2.0000     7.9135     4.4140     3.2771  0.118E-02  0.167E-02   0.00       0.00       1.00       1.00    
     5.0000     7.8506     4.3789     3.2564  0.118E-02  0.167E-02   0.00       0.00       1.00       1.00    
     5.0000     7.7666     4.3326     3.2291  0.118E-02  0.167E-02   0.00       0.00       1.00       1.00    
     5.0000     7.6989     4.2959     3.2073  0.118E-02  0.167E-02   0.00       0.00       1.00       1.00    
     5.0000     7.6655     4.2781     3.1969  0.118E-02  0.167E-02   0.00       0.00       1.00       1.00    
     5.0000     7.6674     4.2801     3.1980  0.118E-02  0.167E-02   0.00       0.00       1.00       1.00    
     5.0000     7.7036     4.2922     3.2105  0.118E-02  0.167E-02   0.00       0.00       1.00       1.00    
     5.0000     7.7210     4.3115     3.2164  0.118E-02  0.167E-02   0.00       0.00       1.00       1.00    
     5.0000     7.7426     4.3244     3.2236  0.118E-02  0.167E-02   0.00       0.00       1.00       1.00    
     5.0000     7.7504     4.3279     3.2262  0.118E-02  0.167E-02   0.00       0.00       1.00       1.00    
     5.0000     7.7607     4.3365     3.2296  0.118E-02  0.167E-02   0.00       0.00       1.00       1.00    
    10.0000     7.7799     4.3446     3.2360  0.118E-02  0.167E-02   0.00       0.00       1.00       1.00    
    10.0000     7.7910     4.3553     3.2397  0.118E-02  0.167E-02   0.00       0.00       1.00       1.00    
    10.0000     7.8270     4.3689     3.2517  0.862E-02  0.131E-01   0.00       0.00       1.00       1.00    
    10.0000     7.8768     4.3834     3.2685  0.862E-02  0.131E-01   0.00       0.00       1.00       1.00    
    10.0000     7.9280     4.3979     3.2856  0.855E-02  0.131E-01   0.00       0.00       1.00       1.00    
    10.0000     7.9804     4.4151     3.3032  0.847E-02  0.131E-01   0.00       0.00       1.00       1.00    
    10.0000     8.0338     4.4318     3.3217  0.847E-02  0.131E-01   0.00       0.00       1.00       1.00    
    10.0000     8.0871     4.4471     3.3406  0.833E-02  0.130E-01   0.00       0.00       1.00       1.00    
    10.0000     8.1395     4.4629     3.3592  0.826E-02  0.129E-01   0.00       0.00       1.00       1.00    
    10.0000     8.1907     4.4783     3.3774  0.813E-02  0.128E-01   0.00       0.00       1.00       1.00    
    10.0000     8.2409     4.4922     3.3952  0.806E-02  0.126E-01   0.00       0.00       1.00       1.00    
    10.0000     8.2930     4.5134     3.4138  0.474E-02  0.746E-02   0.00       0.00       1.00       1.00    
    10.0000     8.3479     4.5417     3.4334  0.472E-02  0.741E-02   0.00       0.00       1.00       1.00    
    10.0000     8.4002     4.5684     3.4521  0.469E-02  0.741E-02   0.00       0.00       1.00       1.00    
    10.0000     8.4502     4.5945     3.4700  0.467E-02  0.735E-02   0.00       0.00       1.00       1.00    
    10.0000     8.4985     4.6189     3.4873  0.465E-02  0.735E-02   0.00       0.00       1.00       1.00    
    10.0000     8.5445     4.6418     3.5031  0.463E-02  0.730E-02   0.00       0.00       1.00       1.00    
    10.0000     8.5883     4.6633     3.5180  0.461E-02  0.730E-02   0.00       0.00       1.00       1.00    
    10.0000     8.6304     4.6835     3.5323  0.459E-02  0.725E-02   0.00       0.00       1.00       1.00    
    10.0000     8.6699     4.7029     3.5458  0.455E-02  0.725E-02   0.00       0.00       1.00       1.00    
    10.0000     8.7078     4.7208     3.5588  0.452E-02  0.719E-02   0.00       0.00       1.00       1.00    
    10.0000     8.7440     4.7379     3.5712  0.450E-02  0.714E-02   0.00       0.00       1.00       1.00    
    10.0000     8.7784     4.7540     3.5830  0.448E-02  0.714E-02   0.00       0.00       1.00       1.00    
    10.0000     8.8108     4.7691     3.5942  0.446E-02  0.709E-02   0.00       0.00       1.00       1.00    
    10.0000     8.8420     4.7838     3.6050  0.442E-02  0.704E-02   0.00       0.00       1.00       1.00    
    10.0000     8.8714     4.7974     3.6152  0.441E-02  0.704E-02   0.00       0.00       1.00       1.00    
    10.0000     8.8993     4.8099     3.6249  0.439E-02  0.699E-02   0.00       0.00       1.00       1.00    
    10.0000     8.9260     4.8222     3.6343  0.435E-02  0.694E-02   0.00       0.00       1.00       1.00    
    10.0000     8.9513     4.8333     3.6431  0.433E-02  0.690E-02   0.00       0.00       1.00       1.00    
    10.0000     8.9754     4.8442     3.6516  0.431E-02  0.690E-02   0.00       0.00       1.00       1.00    
    10.0000     9.0119     4.8615     3.6648  0.427E-02  0.685E-02   0.00       0.00       1.00       1.00    
    10.0000     9.3769     5.0911     3.8108  0.388E-02  0.613E-02   0.00       0.00       1.00       1.00    
    10.0000     9.4105     5.1123     3.8242  0.388E-02  0.613E-02   0.00       0.00       1.00       1.00    
    10.0000     9.4438     5.1336     3.8375  0.386E-02  0.610E-02   0.00       0.00       1.00       1.00    
    10.0000     9.4777     5.1546     3.8511  0.386E-02  0.610E-02   0.00       0.00       1.00       1.00    
    10.0000     9.5112     5.1758     3.8643  0.385E-02  0.606E-02   0.00       0.00       1.00       1.00    
    10.0000     9.5449     5.1970     3.8771  0.385E-02  0.606E-02   0.00       0.00       1.00       1.00    
    10.0000     9.5785     5.2181     3.8898  0.383E-02  0.606E-02   0.00       0.00       1.00       1.00    
    10.0000     9.6119     5.2394     3.9025  0.383E-02  0.602E-02   0.00       0.00       1.00       1.00    
    10.0000     9.6458     5.2604     3.9154  0.383E-02  0.602E-02   0.00       0.00       1.00       1.00    
    10.0000     9.6794     5.2816     3.9282  0.382E-02  0.599E-02   0.00       0.00       1.00       1.00    
    10.0000     9.7130     5.3029     3.9409  0.382E-02  0.599E-02   0.00       0.00       1.00       1.00    
    10.0000     9.7466     5.3242     3.9537  0.380E-02  0.599E-02   0.00       0.00       1.00       1.00    
    10.0000     9.7799     5.3454     3.9664  0.380E-02  0.595E-02   0.00       0.00       1.00       1.00    
    10.0000     9.8137     5.3669     3.9792  0.380E-02  0.595E-02   0.00       0.00       1.00       1.00    
    10.0000     9.8473     5.3883     3.9920  0.379E-02  0.592E-02   0.00       0.00       1.00       1.00    
    10.0000     9.8808     5.4094     4.0047  0.379E-02  0.592E-02   0.00       0.00       1.00       1.00    
     0.0000     9.9144     5.4306     4.0175  0.377E-02  0.592E-02   0.00       0.00       1.00       1.00    
