MODEL.01
 
ISOTROPIC
KGS
SPHERICAL EARTH
1-D
CONSTANT VELOCITY
LINE08
LINE09
LINE10
LINE11
      H(KM)   VP(KM/S)   VS(KM/S) RHO(GM/CC)     QP         QS       ETAP       ETAS      FREFP      FREFS    
     2.0000     6.1511     3.4312     2.7460  0.118E-02  0.167E-02   0.00       0.00       1.00       1.00    
     2.0000     6.1637     3.4378     2.7497  0.118E-02  0.167E-02   0.00       0.00       1.00       1.00    
     2.0000     6.1872     3.4513     2.7564  0.118E-02  0.167E-02   0.00       0.00       1.00       1.00    
     2.0000     6.2190     3.4688     2.7654  0.118E-02  0.167E-02   0.00       0.00       1.00       1.00    
     2.0000     6.2527     3.4875     2.7749  0.118E-02  0.167E-02   0.00       0.00       1.00       1.00    
     2.0000     6.2845     3.5054     2.7840  0.118E-02  0.167E-02   0.00       0.00       1.00       1.00    
     2.0000     6.3135     3.5217     2.7925  0.118E-02  0.167E-02   0.00       0.00       1.00       1.00    
     2.0000     6.3422     3.5374     2.8014  0.118E-02  0.167E-02   0.00       0.00       1.00       1.00    
     2.0000     6.3746     3.5555     2.8116  0.118E-02  0.167E-02   0.00       0.00       1.00       1.00    
     2.0000     6.4155     3.5784     2.8246  0.118E-02  0.167E-02   0.00       0.00       1.00       1.00    
     2.0000     6.4992     3.6248     2.8508  0.118E-02  0.167E-02   0.00       0.00       1.00       1.00    
     2.0000     6.6053     3.6843     2.8792  0.118E-02  0.167E-02   0.00       0.00       1.00       1.00    
     2.0000     6.7336     3.7559     2.9131  0.118E-02  0.167E-02   0.00       0.00       1.00       1.00    
     2.0000     6.8810     3.8379     2.9516  0.118E-02  0.167E-02   0.00       0.00       1.00       1.00    
     2.0000     7.0411     3.9273     2.9959  0.118E-02  0.167E-02   0.00       0.00       1.00       1.00    
     2.0000     7.2067     4.0196     3.0482  0.118E-02  0.167E-02   0.00       0.00       1.00       1.00    
     2.0000     7.3695     4.1105     3.0993  0.118E-02  0.167E-02   0.00       0.00       1.00       1.00    
     2.0000     7.5216     4.1953     3.1471  0.118E-02  0.167E-02   0.00       0.00       1.00       1.00    
     2.0000     7.6558     4.2703     3.1914  0.118E-02  0.167E-02   0.00       0.00       1.00       1.00    
     2.0000     7.7668     4.3322     3.2279  0.118E-02  0.167E-02   0.00       0.00       1.00       1.00    
     2.0000     7.8496     4.3784     3.2551  0.118E-02  0.167E-02   0.00       0.00       1.00       1.00    
     2.0000     7.9020     4.4076     3.2722  0.118E-02  0.167E-02   0.00       0.00       1.00       1.00    
     2.0000     7.9224     4.4188     3.2789  0.118E-02  0.167E-02   0.00       0.00       1.00       1.00    
     2.0000     7.9116     4.4129     3.2755  0.118E-02  0.167E-02   0.00       0.00       1.00       1.00    
     2.0000     7.8714     4.3905     3.2626  0.118E-02  0.167E-02   0.00       0.00       1.00       1.00    
     5.0000     7.8181     4.3607     3.2455  0.118E-02  0.167E-02   0.00       0.00       1.00       1.00    
     5.0000     7.7497     4.3231     3.2237  0.118E-02  0.167E-02   0.00       0.00       1.00       1.00    
     5.0000     7.6972     4.2950     3.2073  0.118E-02  0.167E-02   0.00       0.00       1.00       1.00    
     5.0000     7.6751     4.2834     3.2007  0.118E-02  0.167E-02   0.00       0.00       1.00       1.00    
     5.0000     7.6827     4.2886     3.2038  0.118E-02  0.167E-02   0.00       0.00       1.00       1.00    
     5.0000     7.7203     4.3015     3.2166  0.118E-02  0.167E-02   0.00       0.00       1.00       1.00    
     5.0000     7.7364     4.3201     3.2219  0.118E-02  0.167E-02   0.00       0.00       1.00       1.00    
     5.0000     7.7564     4.3322     3.2285  0.118E-02  0.167E-02   0.00       0.00       1.00       1.00    
     5.0000     7.7636     4.3353     3.2309  0.118E-02  0.167E-02   0.00       0.00       1.00       1.00    
     5.0000     7.7729     4.3433     3.2339  0.118E-02  0.167E-02   0.00       0.00       1.00       1.00    
    10.0000     7.7909     4.3507     3.2399  0.118E-02  0.167E-02   0.00       0.00       1.00       1.00    
    10.0000     7.8001     4.3603     3.2429  0.118E-02  0.167E-02   0.00       0.00       1.00       1.00    
    10.0000     7.8336     4.3726     3.2540  0.862E-02  0.131E-01   0.00       0.00       1.00       1.00    
    10.0000     7.8808     4.3854     3.2698  0.862E-02  0.131E-01   0.00       0.00       1.00       1.00    
    10.0000     7.9288     4.3983     3.2858  0.855E-02  0.131E-01   0.00       0.00       1.00       1.00    
    10.0000     7.9780     4.4137     3.3022  0.847E-02  0.131E-01   0.00       0.00       1.00       1.00    
    10.0000     8.0280     4.4286     3.3195  0.847E-02  0.131E-01   0.00       0.00       1.00       1.00    
    10.0000     8.0781     4.4421     3.3372  0.833E-02  0.130E-01   0.00       0.00       1.00       1.00    
    10.0000     8.1274     4.4563     3.3546  0.826E-02  0.129E-01   0.00       0.00       1.00       1.00    
    10.0000     8.1758     4.4701     3.3717  0.813E-02  0.128E-01   0.00       0.00       1.00       1.00    
    10.0000     8.2232     4.4826     3.3886  0.806E-02  0.126E-01   0.00       0.00       1.00       1.00    
    10.0000     8.2731     4.5026     3.4063  0.474E-02  0.746E-02   0.00       0.00       1.00       1.00    
    10.0000     8.3260     4.5298     3.4252  0.472E-02  0.741E-02   0.00       0.00       1.00       1.00    
    10.0000     8.3768     4.5557     3.4433  0.469E-02  0.741E-02   0.00       0.00       1.00       1.00    
    10.0000     8.4256     4.5811     3.4608  0.467E-02  0.735E-02   0.00       0.00       1.00       1.00    
    10.0000     8.4731     4.6051     3.4778  0.465E-02  0.735E-02   0.00       0.00       1.00       1.00    
    10.0000     8.5187     4.6278     3.4939  0.463E-02  0.730E-02   0.00       0.00       1.00       1.00    
    10.0000     8.5626     4.6493     3.5089  0.461E-02  0.730E-02   0.00       0.00       1.00       1.00    
    10.0000     8.6050     4.6697     3.5233  0.459E-02  0.725E-02   0.00       0.00       1.00       1.00    
    10.0000     8.6453     4.6895     3.5371  0.455E-02  0.725E-02   0.00       0.00       1.00       1.00    
    10.0000     8.6842     4.7080     3.5504  0.452E-02  0.719E-02   0.00       0.00       1.00       1.00    
    10.0000     8.7219     4.7259     3.5634  0.450E-02  0.714E-02   0.00       0.00       1.00       1.00    
    10.0000     8.7580     4.7430     3.5758  0.448E-02  0.714E-02   0.00       0.00       1.00       1.00    
    10.0000     8.7924     4.7593     3.5877  0.446E-02  0.709E-02   0.00       0.00       1.00       1.00    
    10.0000     8.8260     4.7752     3.5993  0.442E-02  0.704E-02   0.00       0.00       1.00       1.00    
    10.0000     8.8580     4.7902     3.6105  0.441E-02  0.704E-02   0.00       0.00       1.00       1.00    
    10.0000     8.8889     4.8043     3.6213  0.439E-02  0.699E-02   0.00       0.00       1.00       1.00    
    10.0000     8.9188     4.8183     3.6317  0.435E-02  0.694E-02   0.00       0.00       1.00       1.00    
    10.0000     8.9476     4.8313     3.6418  0.433E-02  0.690E-02   0.00       0.00       1.00       1.00    
    10.0000     8.9754     4.8442     3.6516  0.431E-02  0.690E-02   0.00       0.00       1.00       1.00    
    10.0000     9.0119     4.8615     3.6648  0.427E-02  0.685E-02   0.00       0.00       1.00       1.00    
    10.0000     9.3769     5.0911     3.8108  0.388E-02  0.613E-02   0.00       0.00       1.00       1.00    
    10.0000     9.4105     5.1123     3.8242  0.388E-02  0.613E-02   0.00       0.00       1.00       1.00    
    10.0000     9.4438     5.1336     3.8375  0.386E-02  0.610E-02   0.00       0.00       1.00       1.00    
    10.0000     9.4777     5.1546     3.8511  0.386E-02  0.610E-02   0.00       0.00       1.00       1.00    
    10.0000     9.5112     5.1758     3.8643  0.385E-02  0.606E-02   0.00       0.00       1.00       1.00    
    10.0000     9.5449     5.1970     3.8771  0.385E-02  0.606E-02   0.00       0.00       1.00       1.00    
    10.0000     9.5785     5.2181     3.8898  0.383E-02  0.606E-02   0.00       0.00       1.00       1.00    
    10.0000     9.6119     5.2394     3.9025  0.383E-02  0.602E-02   0.00       0.00       1.00       1.00    
    10.0000     9.6458     5.2604     3.9154  0.383E-02  0.602E-02   0.00       0.00       1.00       1.00    
    10.0000     9.6794     5.2816     3.9282  0.382E-02  0.599E-02   0.00       0.00       1.00       1.00    
    10.0000     9.7130     5.3029     3.9409  0.382E-02  0.599E-02   0.00       0.00       1.00       1.00    
    10.0000     9.7466     5.3242     3.9537  0.380E-02  0.599E-02   0.00       0.00       1.00       1.00    
    10.0000     9.7799     5.3454     3.9664  0.380E-02  0.595E-02   0.00       0.00       1.00       1.00    
    10.0000     9.8137     5.3669     3.9792  0.380E-02  0.595E-02   0.00       0.00       1.00       1.00    
    10.0000     9.8473     5.3883     3.9920  0.379E-02  0.592E-02   0.00       0.00       1.00       1.00    
    10.0000     9.8808     5.4094     4.0047  0.379E-02  0.592E-02   0.00       0.00       1.00       1.00    
     0.0000     9.9144     5.4306     4.0175  0.377E-02  0.592E-02   0.00       0.00       1.00       1.00    
