MODEL.01
 
ISOTROPIC
KGS
SPHERICAL EARTH
1-D
CONSTANT VELOCITY
LINE08
LINE09
LINE10
LINE11
      H(KM)   VP(KM/S)   VS(KM/S) RHO(GM/CC)     QP         QS       ETAP       ETAS      FREFP      FREFS    
     2.0000     6.1528     3.4321     2.7448  0.118E-02  0.167E-02   0.00       0.00       1.00       1.00    
     2.0000     6.1634     3.4376     2.7478  0.118E-02  0.167E-02   0.00       0.00       1.00       1.00    
     2.0000     6.1816     3.4481     2.7530  0.118E-02  0.167E-02   0.00       0.00       1.00       1.00    
     2.0000     6.2053     3.4611     2.7598  0.118E-02  0.167E-02   0.00       0.00       1.00       1.00    
     2.0000     6.2313     3.4757     2.7674  0.118E-02  0.167E-02   0.00       0.00       1.00       1.00    
     2.0000     6.2591     3.4911     2.7758  0.118E-02  0.167E-02   0.00       0.00       1.00       1.00    
     2.0000     6.2895     3.5083     2.7854  0.118E-02  0.167E-02   0.00       0.00       1.00       1.00    
     2.0000     6.3254     3.5281     2.7970  0.118E-02  0.167E-02   0.00       0.00       1.00       1.00    
     2.0000     6.3694     3.5526     2.8112  0.118E-02  0.167E-02   0.00       0.00       1.00       1.00    
     2.0000     6.4238     3.5830     2.8284  0.118E-02  0.167E-02   0.00       0.00       1.00       1.00    
     2.0000     6.5273     3.6406     2.8593  0.118E-02  0.167E-02   0.00       0.00       1.00       1.00    
     2.0000     6.6487     3.7086     2.8916  0.118E-02  0.167E-02   0.00       0.00       1.00       1.00    
     2.0000     6.7853     3.7848     2.9273  0.118E-02  0.167E-02   0.00       0.00       1.00       1.00    
     2.0000     6.9327     3.8668     2.9654  0.118E-02  0.167E-02   0.00       0.00       1.00       1.00    
     2.0000     7.0851     3.9519     3.0099  0.118E-02  0.167E-02   0.00       0.00       1.00       1.00    
     2.0000     7.2362     4.0362     3.0569  0.118E-02  0.167E-02   0.00       0.00       1.00       1.00    
     2.0000     7.3798     4.1162     3.1013  0.118E-02  0.167E-02   0.00       0.00       1.00       1.00    
     2.0000     7.5106     4.1892     3.1416  0.118E-02  0.167E-02   0.00       0.00       1.00       1.00    
     2.0000     7.6233     4.2523     3.1783  0.118E-02  0.167E-02   0.00       0.00       1.00       1.00    
     2.0000     7.7153     4.3033     3.2082  0.118E-02  0.167E-02   0.00       0.00       1.00       1.00    
     2.0000     7.7834     4.3415     3.2304  0.118E-02  0.167E-02   0.00       0.00       1.00       1.00    
     2.0000     7.8270     4.3657     3.2448  0.118E-02  0.167E-02   0.00       0.00       1.00       1.00    
     2.0000     7.8458     4.3761     3.2513  0.118E-02  0.167E-02   0.00       0.00       1.00       1.00    
     2.0000     7.8413     4.3737     3.2506  0.118E-02  0.167E-02   0.00       0.00       1.00       1.00    
     2.0000     7.8157     4.3595     3.2433  0.118E-02  0.167E-02   0.00       0.00       1.00       1.00    
     5.0000     7.7804     4.3397     3.2329  0.118E-02  0.167E-02   0.00       0.00       1.00       1.00    
     5.0000     7.7365     4.3159     3.2200  0.118E-02  0.167E-02   0.00       0.00       1.00       1.00    
     5.0000     7.7062     4.3001     3.2114  0.118E-02  0.167E-02   0.00       0.00       1.00       1.00    
     5.0000     7.6987     4.2966     3.2099  0.118E-02  0.167E-02   0.00       0.00       1.00       1.00    
     5.0000     7.7121     4.3051     3.2148  0.118E-02  0.167E-02   0.00       0.00       1.00       1.00    
     5.0000     7.7493     4.3177     3.2273  0.118E-02  0.167E-02   0.00       0.00       1.00       1.00    
     5.0000     7.7616     4.3343     3.2311  0.118E-02  0.167E-02   0.00       0.00       1.00       1.00    
     5.0000     7.7784     4.3445     3.2365  0.118E-02  0.167E-02   0.00       0.00       1.00       1.00    
     5.0000     7.7845     4.3470     3.2385  0.118E-02  0.167E-02   0.00       0.00       1.00       1.00    
     5.0000     7.7920     4.3539     3.2409  0.118E-02  0.167E-02   0.00       0.00       1.00       1.00    
    10.0000     7.8078     4.3602     3.2461  0.118E-02  0.167E-02   0.00       0.00       1.00       1.00    
    10.0000     7.8138     4.3680     3.2479  0.118E-02  0.167E-02   0.00       0.00       1.00       1.00    
    10.0000     7.8435     4.3781     3.2576  0.862E-02  0.131E-01   0.00       0.00       1.00       1.00    
    10.0000     7.8862     4.3885     3.2718  0.862E-02  0.131E-01   0.00       0.00       1.00       1.00    
    10.0000     7.9294     4.3986     3.2861  0.855E-02  0.131E-01   0.00       0.00       1.00       1.00    
    10.0000     7.9736     4.4113     3.3008  0.847E-02  0.131E-01   0.00       0.00       1.00       1.00    
    10.0000     8.0186     4.4234     3.3160  0.847E-02  0.131E-01   0.00       0.00       1.00       1.00    
    10.0000     8.0636     4.4342     3.3317  0.833E-02  0.130E-01   0.00       0.00       1.00       1.00    
    10.0000     8.1080     4.4458     3.3474  0.826E-02  0.129E-01   0.00       0.00       1.00       1.00    
    10.0000     8.1522     4.4572     3.3629  0.813E-02  0.128E-01   0.00       0.00       1.00       1.00    
    10.0000     8.1957     4.4675     3.3782  0.806E-02  0.126E-01   0.00       0.00       1.00       1.00    
    10.0000     8.2422     4.4859     3.3947  0.474E-02  0.746E-02   0.00       0.00       1.00       1.00    
    10.0000     8.2923     4.5115     3.4125  0.472E-02  0.741E-02   0.00       0.00       1.00       1.00    
    10.0000     8.3409     4.5362     3.4298  0.469E-02  0.741E-02   0.00       0.00       1.00       1.00    
    10.0000     8.3881     4.5607     3.4467  0.467E-02  0.735E-02   0.00       0.00       1.00       1.00    
    10.0000     8.4345     4.5842     3.4633  0.465E-02  0.735E-02   0.00       0.00       1.00       1.00    
    10.0000     8.4796     4.6066     3.4795  0.463E-02  0.730E-02   0.00       0.00       1.00       1.00    
    10.0000     8.5237     4.6282     3.4951  0.461E-02  0.730E-02   0.00       0.00       1.00       1.00    
    10.0000     8.5667     4.6489     3.5098  0.459E-02  0.725E-02   0.00       0.00       1.00       1.00    
    10.0000     8.6083     4.6694     3.5240  0.455E-02  0.725E-02   0.00       0.00       1.00       1.00    
    10.0000     8.6488     4.6889     3.5379  0.452E-02  0.719E-02   0.00       0.00       1.00       1.00    
    10.0000     8.6887     4.7080     3.5516  0.450E-02  0.714E-02   0.00       0.00       1.00       1.00    
    10.0000     8.7275     4.7265     3.5650  0.448E-02  0.714E-02   0.00       0.00       1.00       1.00    
    10.0000     8.7650     4.7445     3.5780  0.446E-02  0.709E-02   0.00       0.00       1.00       1.00    
    10.0000     8.8022     4.7622     3.5909  0.442E-02  0.704E-02   0.00       0.00       1.00       1.00    
    10.0000     8.8382     4.7795     3.6035  0.441E-02  0.704E-02   0.00       0.00       1.00       1.00    
    10.0000     8.8735     4.7960     3.6158  0.439E-02  0.699E-02   0.00       0.00       1.00       1.00    
    10.0000     8.9082     4.8126     3.6280  0.435E-02  0.694E-02   0.00       0.00       1.00       1.00    
    10.0000     8.9421     4.8284     3.6399  0.433E-02  0.690E-02   0.00       0.00       1.00       1.00    
    10.0000     8.9754     4.8442     3.6516  0.431E-02  0.690E-02   0.00       0.00       1.00       1.00    
    10.0000     9.0119     4.8615     3.6648  0.427E-02  0.685E-02   0.00       0.00       1.00       1.00    
    10.0000     9.3769     5.0911     3.8108  0.388E-02  0.613E-02   0.00       0.00       1.00       1.00    
    10.0000     9.4105     5.1123     3.8242  0.388E-02  0.613E-02   0.00       0.00       1.00       1.00    
    10.0000     9.4438     5.1336     3.8375  0.386E-02  0.610E-02   0.00       0.00       1.00       1.00    
    10.0000     9.4777     5.1546     3.8511  0.386E-02  0.610E-02   0.00       0.00       1.00       1.00    
    10.0000     9.5112     5.1758     3.8643  0.385E-02  0.606E-02   0.00       0.00       1.00       1.00    
    10.0000     9.5449     5.1970     3.8771  0.385E-02  0.606E-02   0.00       0.00       1.00       1.00    
    10.0000     9.5785     5.2181     3.8898  0.383E-02  0.606E-02   0.00       0.00       1.00       1.00    
    10.0000     9.6119     5.2394     3.9025  0.383E-02  0.602E-02   0.00       0.00       1.00       1.00    
    10.0000     9.6458     5.2604     3.9154  0.383E-02  0.602E-02   0.00       0.00       1.00       1.00    
    10.0000     9.6794     5.2816     3.9282  0.382E-02  0.599E-02   0.00       0.00       1.00       1.00    
    10.0000     9.7130     5.3029     3.9409  0.382E-02  0.599E-02   0.00       0.00       1.00       1.00    
    10.0000     9.7466     5.3242     3.9537  0.380E-02  0.599E-02   0.00       0.00       1.00       1.00    
    10.0000     9.7799     5.3454     3.9664  0.380E-02  0.595E-02   0.00       0.00       1.00       1.00    
    10.0000     9.8137     5.3669     3.9792  0.380E-02  0.595E-02   0.00       0.00       1.00       1.00    
    10.0000     9.8473     5.3883     3.9920  0.379E-02  0.592E-02   0.00       0.00       1.00       1.00    
    10.0000     9.8808     5.4094     4.0047  0.379E-02  0.592E-02   0.00       0.00       1.00       1.00    
     0.0000     9.9144     5.4306     4.0175  0.377E-02  0.592E-02   0.00       0.00       1.00       1.00    
