MODEL.01
 
ISOTROPIC
KGS
SPHERICAL EARTH
1-D
CONSTANT VELOCITY
LINE08
LINE09
LINE10
LINE11
      H(KM)   VP(KM/S)   VS(KM/S) RHO(GM/CC)     QP         QS       ETAP       ETAS      FREFP      FREFS    
     2.0000     6.1298     3.4193     2.7405  0.118E-02  0.167E-02   0.00       0.00       1.00       1.00    
     2.0000     6.1441     3.4269     2.7447  0.118E-02  0.167E-02   0.00       0.00       1.00       1.00    
     2.0000     6.1734     3.4436     2.7532  0.118E-02  0.167E-02   0.00       0.00       1.00       1.00    
     2.0000     6.2156     3.4669     2.7652  0.118E-02  0.167E-02   0.00       0.00       1.00       1.00    
     2.0000     6.2618     3.4925     2.7782  0.118E-02  0.167E-02   0.00       0.00       1.00       1.00    
     2.0000     6.3042     3.5164     2.7902  0.118E-02  0.167E-02   0.00       0.00       1.00       1.00    
     2.0000     6.3392     3.5360     2.8002  0.118E-02  0.167E-02   0.00       0.00       1.00       1.00    
     2.0000     6.3674     3.5516     2.8086  0.118E-02  0.167E-02   0.00       0.00       1.00       1.00    
     2.0000     6.3939     3.5663     2.8168  0.118E-02  0.167E-02   0.00       0.00       1.00       1.00    
     2.0000     6.4248     3.5836     2.8266  0.118E-02  0.167E-02   0.00       0.00       1.00       1.00    
     2.0000     6.4905     3.6200     2.8473  0.118E-02  0.167E-02   0.00       0.00       1.00       1.00    
     2.0000     6.5799     3.6702     2.8718  0.118E-02  0.167E-02   0.00       0.00       1.00       1.00    
     2.0000     6.6961     3.7350     2.9027  0.118E-02  0.167E-02   0.00       0.00       1.00       1.00    
     2.0000     6.8375     3.8137     2.9399  0.118E-02  0.167E-02   0.00       0.00       1.00       1.00    
     2.0000     6.9987     3.9037     2.9822  0.118E-02  0.167E-02   0.00       0.00       1.00       1.00    
     2.0000     7.1719     4.0002     3.0373  0.118E-02  0.167E-02   0.00       0.00       1.00       1.00    
     2.0000     7.3476     4.0983     3.0928  0.118E-02  0.167E-02   0.00       0.00       1.00       1.00    
     2.0000     7.5158     4.1922     3.1461  0.118E-02  0.167E-02   0.00       0.00       1.00       1.00    
     2.0000     7.6678     4.2771     3.1966  0.118E-02  0.167E-02   0.00       0.00       1.00       1.00    
     2.0000     7.7961     4.3485     3.2391  0.118E-02  0.167E-02   0.00       0.00       1.00       1.00    
     2.0000     7.8938     4.4030     3.2713  0.118E-02  0.167E-02   0.00       0.00       1.00       1.00    
     2.0000     7.9569     4.4382     3.2920  0.118E-02  0.167E-02   0.00       0.00       1.00       1.00    
     2.0000     7.9828     4.4525     3.3004  0.118E-02  0.167E-02   0.00       0.00       1.00       1.00    
     2.0000     7.9714     4.4464     3.2964  0.118E-02  0.167E-02   0.00       0.00       1.00       1.00    
     2.0000     7.9237     4.4197     3.2806  0.118E-02  0.167E-02   0.00       0.00       1.00       1.00    
     5.0000     7.8589     4.3835     3.2592  0.118E-02  0.167E-02   0.00       0.00       1.00       1.00    
     5.0000     7.7715     4.3353     3.2306  0.118E-02  0.167E-02   0.00       0.00       1.00       1.00    
     5.0000     7.7002     4.2966     3.2076  0.118E-02  0.167E-02   0.00       0.00       1.00       1.00    
     5.0000     7.6641     4.2773     3.1963  0.118E-02  0.167E-02   0.00       0.00       1.00       1.00    
     5.0000     7.6644     4.2784     3.1969  0.118E-02  0.167E-02   0.00       0.00       1.00       1.00    
     5.0000     7.7001     4.2903     3.2092  0.118E-02  0.167E-02   0.00       0.00       1.00       1.00    
     5.0000     7.7176     4.3096     3.2151  0.118E-02  0.167E-02   0.00       0.00       1.00       1.00    
     5.0000     7.7395     4.3227     3.2225  0.118E-02  0.167E-02   0.00       0.00       1.00       1.00    
     5.0000     7.7475     4.3263     3.2251  0.118E-02  0.167E-02   0.00       0.00       1.00       1.00    
     5.0000     7.7580     4.3350     3.2286  0.118E-02  0.167E-02   0.00       0.00       1.00       1.00    
    10.0000     7.7774     4.3432     3.2352  0.118E-02  0.167E-02   0.00       0.00       1.00       1.00    
    10.0000     7.7889     4.3541     3.2389  0.118E-02  0.167E-02   0.00       0.00       1.00       1.00    
    10.0000     7.8254     4.3680     3.2512  0.862E-02  0.131E-01   0.00       0.00       1.00       1.00    
    10.0000     7.8759     4.3829     3.2681  0.862E-02  0.131E-01   0.00       0.00       1.00       1.00    
    10.0000     7.9277     4.3978     3.2855  0.855E-02  0.131E-01   0.00       0.00       1.00       1.00    
    10.0000     7.9809     4.4154     3.3033  0.847E-02  0.131E-01   0.00       0.00       1.00       1.00    
    10.0000     8.0350     4.4325     3.3222  0.847E-02  0.131E-01   0.00       0.00       1.00       1.00    
    10.0000     8.0890     4.4482     3.3414  0.833E-02  0.130E-01   0.00       0.00       1.00       1.00    
    10.0000     8.1421     4.4643     3.3602  0.826E-02  0.129E-01   0.00       0.00       1.00       1.00    
    10.0000     8.1940     4.4801     3.3787  0.813E-02  0.128E-01   0.00       0.00       1.00       1.00    
    10.0000     8.2448     4.4943     3.3967  0.806E-02  0.126E-01   0.00       0.00       1.00       1.00    
    10.0000     8.2974     4.5158     3.4155  0.474E-02  0.746E-02   0.00       0.00       1.00       1.00    
    10.0000     8.3528     4.5443     3.4352  0.472E-02  0.741E-02   0.00       0.00       1.00       1.00    
    10.0000     8.4054     4.5712     3.4541  0.469E-02  0.741E-02   0.00       0.00       1.00       1.00    
    10.0000     8.4557     4.5975     3.4721  0.467E-02  0.735E-02   0.00       0.00       1.00       1.00    
    10.0000     8.5042     4.6220     3.4895  0.465E-02  0.735E-02   0.00       0.00       1.00       1.00    
    10.0000     8.5503     4.6449     3.5051  0.463E-02  0.730E-02   0.00       0.00       1.00       1.00    
    10.0000     8.5941     4.6664     3.5200  0.461E-02  0.730E-02   0.00       0.00       1.00       1.00    
    10.0000     8.6361     4.6866     3.5343  0.459E-02  0.725E-02   0.00       0.00       1.00       1.00    
    10.0000     8.6755     4.7059     3.5478  0.455E-02  0.725E-02   0.00       0.00       1.00       1.00    
    10.0000     8.7131     4.7237     3.5607  0.452E-02  0.719E-02   0.00       0.00       1.00       1.00    
    10.0000     8.7490     4.7406     3.5730  0.450E-02  0.714E-02   0.00       0.00       1.00       1.00    
    10.0000     8.7831     4.7565     3.5847  0.448E-02  0.714E-02   0.00       0.00       1.00       1.00    
    10.0000     8.8150     4.7714     3.5957  0.446E-02  0.709E-02   0.00       0.00       1.00       1.00    
    10.0000     8.8457     4.7858     3.6063  0.442E-02  0.704E-02   0.00       0.00       1.00       1.00    
    10.0000     8.8745     4.7991     3.6163  0.441E-02  0.704E-02   0.00       0.00       1.00       1.00    
    10.0000     8.9017     4.8112     3.6258  0.439E-02  0.699E-02   0.00       0.00       1.00       1.00    
    10.0000     8.9277     4.8231     3.6348  0.435E-02  0.694E-02   0.00       0.00       1.00       1.00    
    10.0000     8.9522     4.8338     3.6434  0.433E-02  0.690E-02   0.00       0.00       1.00       1.00    
    10.0000     8.9754     4.8442     3.6516  0.431E-02  0.690E-02   0.00       0.00       1.00       1.00    
    10.0000     9.0119     4.8615     3.6648  0.427E-02  0.685E-02   0.00       0.00       1.00       1.00    
    10.0000     9.3769     5.0911     3.8108  0.388E-02  0.613E-02   0.00       0.00       1.00       1.00    
    10.0000     9.4105     5.1123     3.8242  0.388E-02  0.613E-02   0.00       0.00       1.00       1.00    
    10.0000     9.4438     5.1336     3.8375  0.386E-02  0.610E-02   0.00       0.00       1.00       1.00    
    10.0000     9.4777     5.1546     3.8511  0.386E-02  0.610E-02   0.00       0.00       1.00       1.00    
    10.0000     9.5112     5.1758     3.8643  0.385E-02  0.606E-02   0.00       0.00       1.00       1.00    
    10.0000     9.5449     5.1970     3.8771  0.385E-02  0.606E-02   0.00       0.00       1.00       1.00    
    10.0000     9.5785     5.2181     3.8898  0.383E-02  0.606E-02   0.00       0.00       1.00       1.00    
    10.0000     9.6119     5.2394     3.9025  0.383E-02  0.602E-02   0.00       0.00       1.00       1.00    
    10.0000     9.6458     5.2604     3.9154  0.383E-02  0.602E-02   0.00       0.00       1.00       1.00    
    10.0000     9.6794     5.2816     3.9282  0.382E-02  0.599E-02   0.00       0.00       1.00       1.00    
    10.0000     9.7130     5.3029     3.9409  0.382E-02  0.599E-02   0.00       0.00       1.00       1.00    
    10.0000     9.7466     5.3242     3.9537  0.380E-02  0.599E-02   0.00       0.00       1.00       1.00    
    10.0000     9.7799     5.3454     3.9664  0.380E-02  0.595E-02   0.00       0.00       1.00       1.00    
    10.0000     9.8137     5.3669     3.9792  0.380E-02  0.595E-02   0.00       0.00       1.00       1.00    
    10.0000     9.8473     5.3883     3.9920  0.379E-02  0.592E-02   0.00       0.00       1.00       1.00    
    10.0000     9.8808     5.4094     4.0047  0.379E-02  0.592E-02   0.00       0.00       1.00       1.00    
     0.0000     9.9144     5.4306     4.0175  0.377E-02  0.592E-02   0.00       0.00       1.00       1.00    
