MODEL.01
 
ISOTROPIC
KGS
SPHERICAL EARTH
1-D
CONSTANT VELOCITY
LINE08
LINE09
LINE10
LINE11
      H(KM)   VP(KM/S)   VS(KM/S) RHO(GM/CC)     QP         QS       ETAP       ETAS      FREFP      FREFS    
     2.0000     6.1492     3.4301     2.7429  0.118E-02  0.167E-02   0.00       0.00       1.00       1.00    
     2.0000     6.1594     3.4354     2.7458  0.118E-02  0.167E-02   0.00       0.00       1.00       1.00    
     2.0000     6.1766     3.4453     2.7507  0.118E-02  0.167E-02   0.00       0.00       1.00       1.00    
     2.0000     6.1992     3.4577     2.7572  0.118E-02  0.167E-02   0.00       0.00       1.00       1.00    
     2.0000     6.2246     3.4720     2.7648  0.118E-02  0.167E-02   0.00       0.00       1.00       1.00    
     2.0000     6.2528     3.4876     2.7736  0.118E-02  0.167E-02   0.00       0.00       1.00       1.00    
     2.0000     6.2848     3.5057     2.7839  0.118E-02  0.167E-02   0.00       0.00       1.00       1.00    
     2.0000     6.3233     3.5269     2.7964  0.118E-02  0.167E-02   0.00       0.00       1.00       1.00    
     2.0000     6.3705     3.5532     2.8117  0.118E-02  0.167E-02   0.00       0.00       1.00       1.00    
     2.0000     6.4281     3.5854     2.8301  0.118E-02  0.167E-02   0.00       0.00       1.00       1.00    
     2.0000     6.5358     3.6454     2.8620  0.118E-02  0.167E-02   0.00       0.00       1.00       1.00    
     2.0000     6.6599     3.7149     2.8950  0.118E-02  0.167E-02   0.00       0.00       1.00       1.00    
     2.0000     6.7974     3.7915     2.9310  0.118E-02  0.167E-02   0.00       0.00       1.00       1.00    
     2.0000     6.9437     3.8730     2.9687  0.118E-02  0.167E-02   0.00       0.00       1.00       1.00    
     2.0000     7.0934     3.9565     3.0129  0.118E-02  0.167E-02   0.00       0.00       1.00       1.00    
     2.0000     7.2404     4.0385     3.0585  0.118E-02  0.167E-02   0.00       0.00       1.00       1.00    
     2.0000     7.3791     4.1158     3.1012  0.118E-02  0.167E-02   0.00       0.00       1.00       1.00    
     2.0000     7.5047     4.1859     3.1397  0.118E-02  0.167E-02   0.00       0.00       1.00       1.00    
     2.0000     7.6126     4.2463     3.1746  0.118E-02  0.167E-02   0.00       0.00       1.00       1.00    
     2.0000     7.7005     4.2951     3.2031  0.118E-02  0.167E-02   0.00       0.00       1.00       1.00    
     2.0000     7.7658     4.3317     3.2243  0.118E-02  0.167E-02   0.00       0.00       1.00       1.00    
     2.0000     7.8081     4.3552     3.2383  0.118E-02  0.167E-02   0.00       0.00       1.00       1.00    
     2.0000     7.8274     4.3658     3.2451  0.118E-02  0.167E-02   0.00       0.00       1.00       1.00    
     2.0000     7.8252     4.3647     3.2452  0.118E-02  0.167E-02   0.00       0.00       1.00       1.00    
     2.0000     7.8038     4.3529     3.2395  0.118E-02  0.167E-02   0.00       0.00       1.00       1.00    
     5.0000     7.7733     4.3358     3.2308  0.118E-02  0.167E-02   0.00       0.00       1.00       1.00    
     5.0000     7.7354     4.3153     3.2201  0.118E-02  0.167E-02   0.00       0.00       1.00       1.00    
     5.0000     7.7101     4.3023     3.2132  0.118E-02  0.167E-02   0.00       0.00       1.00       1.00    
     5.0000     7.7056     4.3005     3.2127  0.118E-02  0.167E-02   0.00       0.00       1.00       1.00    
     5.0000     7.7200     4.3095     3.2179  0.118E-02  0.167E-02   0.00       0.00       1.00       1.00    
     5.0000     7.7568     4.3219     3.2302  0.118E-02  0.167E-02   0.00       0.00       1.00       1.00    
     5.0000     7.7680     4.3379     3.2336  0.118E-02  0.167E-02   0.00       0.00       1.00       1.00    
     5.0000     7.7839     4.3476     3.2387  0.118E-02  0.167E-02   0.00       0.00       1.00       1.00    
     5.0000     7.7897     4.3499     3.2405  0.118E-02  0.167E-02   0.00       0.00       1.00       1.00    
     5.0000     7.7968     4.3566     3.2428  0.118E-02  0.167E-02   0.00       0.00       1.00       1.00    
    10.0000     7.8120     4.3626     3.2478  0.118E-02  0.167E-02   0.00       0.00       1.00       1.00    
    10.0000     7.8173     4.3699     3.2493  0.118E-02  0.167E-02   0.00       0.00       1.00       1.00    
    10.0000     7.8460     4.3795     3.2587  0.862E-02  0.131E-01   0.00       0.00       1.00       1.00    
    10.0000     7.8877     4.3893     3.2725  0.862E-02  0.131E-01   0.00       0.00       1.00       1.00    
    10.0000     7.9298     4.3988     3.2864  0.855E-02  0.131E-01   0.00       0.00       1.00       1.00    
    10.0000     7.9728     4.4108     3.3006  0.847E-02  0.131E-01   0.00       0.00       1.00       1.00    
    10.0000     8.0166     4.4223     3.3154  0.847E-02  0.131E-01   0.00       0.00       1.00       1.00    
    10.0000     8.0604     4.4325     3.3307  0.833E-02  0.130E-01   0.00       0.00       1.00       1.00    
    10.0000     8.1038     4.4435     3.3459  0.826E-02  0.129E-01   0.00       0.00       1.00       1.00    
    10.0000     8.1470     4.4543     3.3611  0.813E-02  0.128E-01   0.00       0.00       1.00       1.00    
    10.0000     8.1895     4.4641     3.3760  0.806E-02  0.126E-01   0.00       0.00       1.00       1.00    
    10.0000     8.2353     4.4821     3.3922  0.474E-02  0.746E-02   0.00       0.00       1.00       1.00    
    10.0000     8.2847     4.5074     3.4098  0.472E-02  0.741E-02   0.00       0.00       1.00       1.00    
    10.0000     8.3328     4.5318     3.4269  0.469E-02  0.741E-02   0.00       0.00       1.00       1.00    
    10.0000     8.3797     4.5561     3.4436  0.467E-02  0.735E-02   0.00       0.00       1.00       1.00    
    10.0000     8.4258     4.5795     3.4601  0.465E-02  0.735E-02   0.00       0.00       1.00       1.00    
    10.0000     8.4708     4.6018     3.4763  0.463E-02  0.730E-02   0.00       0.00       1.00       1.00    
    10.0000     8.5150     4.6235     3.4921  0.461E-02  0.730E-02   0.00       0.00       1.00       1.00    
    10.0000     8.5581     4.6442     3.5068  0.459E-02  0.725E-02   0.00       0.00       1.00       1.00    
    10.0000     8.6000     4.6649     3.5211  0.455E-02  0.725E-02   0.00       0.00       1.00       1.00    
    10.0000     8.6409     4.6846     3.5352  0.452E-02  0.719E-02   0.00       0.00       1.00       1.00    
    10.0000     8.6813     4.7040     3.5491  0.450E-02  0.714E-02   0.00       0.00       1.00       1.00    
    10.0000     8.7207     4.7228     3.5627  0.448E-02  0.714E-02   0.00       0.00       1.00       1.00    
    10.0000     8.7589     4.7412     3.5759  0.446E-02  0.709E-02   0.00       0.00       1.00       1.00    
    10.0000     8.7969     4.7593     3.5891  0.442E-02  0.704E-02   0.00       0.00       1.00       1.00    
    10.0000     8.8338     4.7771     3.6020  0.441E-02  0.704E-02   0.00       0.00       1.00       1.00    
    10.0000     8.8701     4.7942     3.6146  0.439E-02  0.699E-02   0.00       0.00       1.00       1.00    
    10.0000     8.9059     4.8113     3.6272  0.435E-02  0.694E-02   0.00       0.00       1.00       1.00    
    10.0000     8.9409     4.8277     3.6395  0.433E-02  0.690E-02   0.00       0.00       1.00       1.00    
    10.0000     8.9754     4.8442     3.6516  0.431E-02  0.690E-02   0.00       0.00       1.00       1.00    
    10.0000     9.0119     4.8615     3.6648  0.427E-02  0.685E-02   0.00       0.00       1.00       1.00    
    10.0000     9.3769     5.0911     3.8108  0.388E-02  0.613E-02   0.00       0.00       1.00       1.00    
    10.0000     9.4105     5.1123     3.8242  0.388E-02  0.613E-02   0.00       0.00       1.00       1.00    
    10.0000     9.4438     5.1336     3.8375  0.386E-02  0.610E-02   0.00       0.00       1.00       1.00    
    10.0000     9.4777     5.1546     3.8511  0.386E-02  0.610E-02   0.00       0.00       1.00       1.00    
    10.0000     9.5112     5.1758     3.8643  0.385E-02  0.606E-02   0.00       0.00       1.00       1.00    
    10.0000     9.5449     5.1970     3.8771  0.385E-02  0.606E-02   0.00       0.00       1.00       1.00    
    10.0000     9.5785     5.2181     3.8898  0.383E-02  0.606E-02   0.00       0.00       1.00       1.00    
    10.0000     9.6119     5.2394     3.9025  0.383E-02  0.602E-02   0.00       0.00       1.00       1.00    
    10.0000     9.6458     5.2604     3.9154  0.383E-02  0.602E-02   0.00       0.00       1.00       1.00    
    10.0000     9.6794     5.2816     3.9282  0.382E-02  0.599E-02   0.00       0.00       1.00       1.00    
    10.0000     9.7130     5.3029     3.9409  0.382E-02  0.599E-02   0.00       0.00       1.00       1.00    
    10.0000     9.7466     5.3242     3.9537  0.380E-02  0.599E-02   0.00       0.00       1.00       1.00    
    10.0000     9.7799     5.3454     3.9664  0.380E-02  0.595E-02   0.00       0.00       1.00       1.00    
    10.0000     9.8137     5.3669     3.9792  0.380E-02  0.595E-02   0.00       0.00       1.00       1.00    
    10.0000     9.8473     5.3883     3.9920  0.379E-02  0.592E-02   0.00       0.00       1.00       1.00    
    10.0000     9.8808     5.4094     4.0047  0.379E-02  0.592E-02   0.00       0.00       1.00       1.00    
     0.0000     9.9144     5.4306     4.0175  0.377E-02  0.592E-02   0.00       0.00       1.00       1.00    
