MODEL.01
 
ISOTROPIC
KGS
SPHERICAL EARTH
1-D
CONSTANT VELOCITY
LINE08
LINE09
LINE10
LINE11
      H(KM)   VP(KM/S)   VS(KM/S) RHO(GM/CC)     QP         QS       ETAP       ETAS      FREFP      FREFS    
     2.0000     6.0978     3.4015     2.7314  0.118E-02  0.167E-02   0.00       0.00       1.00       1.00    
     2.0000     6.1137     3.4100     2.7361  0.118E-02  0.167E-02   0.00       0.00       1.00       1.00    
     2.0000     6.1489     3.4299     2.7463  0.118E-02  0.167E-02   0.00       0.00       1.00       1.00    
     2.0000     6.2023     3.4596     2.7617  0.118E-02  0.167E-02   0.00       0.00       1.00       1.00    
     2.0000     6.2634     3.4933     2.7791  0.118E-02  0.167E-02   0.00       0.00       1.00       1.00    
     2.0000     6.3200     3.5252     2.7951  0.118E-02  0.167E-02   0.00       0.00       1.00       1.00    
     2.0000     6.3649     3.5504     2.8079  0.118E-02  0.167E-02   0.00       0.00       1.00       1.00    
     2.0000     6.3968     3.5681     2.8172  0.118E-02  0.167E-02   0.00       0.00       1.00       1.00    
     2.0000     6.4208     3.5812     2.8245  0.118E-02  0.167E-02   0.00       0.00       1.00       1.00    
     2.0000     6.4441     3.5945     2.8319  0.118E-02  0.167E-02   0.00       0.00       1.00       1.00    
     2.0000     6.4937     3.6218     2.8477  0.118E-02  0.167E-02   0.00       0.00       1.00       1.00    
     2.0000     6.5663     3.6626     2.8678  0.118E-02  0.167E-02   0.00       0.00       1.00       1.00    
     2.0000     6.6682     3.7194     2.8950  0.118E-02  0.167E-02   0.00       0.00       1.00       1.00    
     2.0000     6.8004     3.7931     2.9299  0.118E-02  0.167E-02   0.00       0.00       1.00       1.00    
     2.0000     6.9587     3.8813     2.9713  0.118E-02  0.167E-02   0.00       0.00       1.00       1.00    
     2.0000     7.1350     3.9797     3.0256  0.118E-02  0.167E-02   0.00       0.00       1.00       1.00    
     2.0000     7.3194     4.0827     3.0841  0.118E-02  0.167E-02   0.00       0.00       1.00       1.00    
     2.0000     7.5004     4.1835     3.1414  0.118E-02  0.167E-02   0.00       0.00       1.00       1.00    
     2.0000     7.6674     4.2768     3.1972  0.118E-02  0.167E-02   0.00       0.00       1.00       1.00    
     2.0000     7.8113     4.3569     3.2451  0.118E-02  0.167E-02   0.00       0.00       1.00       1.00    
     2.0000     7.9234     4.4196     3.2823  0.118E-02  0.167E-02   0.00       0.00       1.00       1.00    
     2.0000     7.9983     4.4614     3.3069  0.118E-02  0.167E-02   0.00       0.00       1.00       1.00    
     2.0000     8.0319     4.4799     3.3182  0.118E-02  0.167E-02   0.00       0.00       1.00       1.00    
     2.0000     8.0234     4.4753     3.3149  0.118E-02  0.167E-02   0.00       0.00       1.00       1.00    
     2.0000     7.9727     4.4470     3.2975  0.118E-02  0.167E-02   0.00       0.00       1.00       1.00    
     5.0000     7.9008     4.4069     3.2734  0.118E-02  0.167E-02   0.00       0.00       1.00       1.00    
     5.0000     7.7983     4.3502     3.2395  0.118E-02  0.167E-02   0.00       0.00       1.00       1.00    
     5.0000     7.7106     4.3024     3.2108  0.118E-02  0.167E-02   0.00       0.00       1.00       1.00    
     5.0000     7.6613     4.2756     3.1949  0.118E-02  0.167E-02   0.00       0.00       1.00       1.00    
     5.0000     7.6534     4.2722     3.1927  0.118E-02  0.167E-02   0.00       0.00       1.00       1.00    
     5.0000     7.6859     4.2823     3.2041  0.118E-02  0.167E-02   0.00       0.00       1.00       1.00    
     5.0000     7.7033     4.3016     3.2100  0.118E-02  0.167E-02   0.00       0.00       1.00       1.00    
     5.0000     7.7261     4.3152     3.2177  0.118E-02  0.167E-02   0.00       0.00       1.00       1.00    
     5.0000     7.7345     4.3191     3.2205  0.118E-02  0.167E-02   0.00       0.00       1.00       1.00    
     5.0000     7.7460     4.3283     3.2244  0.118E-02  0.167E-02   0.00       0.00       1.00       1.00    
    10.0000     7.7664     4.3371     3.2313  0.118E-02  0.167E-02   0.00       0.00       1.00       1.00    
    10.0000     7.7797     4.3489     3.2357  0.118E-02  0.167E-02   0.00       0.00       1.00       1.00    
    10.0000     7.8183     4.3641     3.2487  0.862E-02  0.131E-01   0.00       0.00       1.00       1.00    
    10.0000     7.8714     4.3804     3.2666  0.862E-02  0.131E-01   0.00       0.00       1.00       1.00    
    10.0000     7.9262     4.3968     3.2850  0.855E-02  0.131E-01   0.00       0.00       1.00       1.00    
    10.0000     7.9827     4.4164     3.3040  0.847E-02  0.131E-01   0.00       0.00       1.00       1.00    
    10.0000     8.0400     4.4353     3.3241  0.847E-02  0.131E-01   0.00       0.00       1.00       1.00    
    10.0000     8.0971     4.4527     3.3444  0.833E-02  0.130E-01   0.00       0.00       1.00       1.00    
    10.0000     8.1534     4.4705     3.3645  0.826E-02  0.129E-01   0.00       0.00       1.00       1.00    
    10.0000     8.2083     4.4879     3.3841  0.813E-02  0.128E-01   0.00       0.00       1.00       1.00    
    10.0000     8.2617     4.5036     3.4031  0.806E-02  0.126E-01   0.00       0.00       1.00       1.00    
    10.0000     8.3167     4.5263     3.4228  0.474E-02  0.746E-02   0.00       0.00       1.00       1.00    
    10.0000     8.3741     4.5558     3.4433  0.472E-02  0.741E-02   0.00       0.00       1.00       1.00    
    10.0000     8.4284     4.5837     3.4627  0.469E-02  0.741E-02   0.00       0.00       1.00       1.00    
    10.0000     8.4801     4.6106     3.4812  0.467E-02  0.735E-02   0.00       0.00       1.00       1.00    
    10.0000     8.5293     4.6356     3.4984  0.465E-02  0.735E-02   0.00       0.00       1.00       1.00    
    10.0000     8.5759     4.6589     3.5142  0.463E-02  0.730E-02   0.00       0.00       1.00       1.00    
    10.0000     8.6201     4.6804     3.5292  0.461E-02  0.730E-02   0.00       0.00       1.00       1.00    
    10.0000     8.6617     4.7006     3.5433  0.459E-02  0.725E-02   0.00       0.00       1.00       1.00    
    10.0000     8.7006     4.7194     3.5566  0.455E-02  0.725E-02   0.00       0.00       1.00       1.00    
    10.0000     8.7372     4.7367     3.5691  0.452E-02  0.719E-02   0.00       0.00       1.00       1.00    
    10.0000     8.7717     4.7529     3.5810  0.450E-02  0.714E-02   0.00       0.00       1.00       1.00    
    10.0000     8.8041     4.7678     3.5921  0.448E-02  0.714E-02   0.00       0.00       1.00       1.00    
    10.0000     8.8339     4.7817     3.6023  0.446E-02  0.709E-02   0.00       0.00       1.00       1.00    
    10.0000     8.8622     4.7948     3.6121  0.442E-02  0.704E-02   0.00       0.00       1.00       1.00    
    10.0000     8.8885     4.8066     3.6212  0.441E-02  0.704E-02   0.00       0.00       1.00       1.00    
    10.0000     8.9125     4.8170     3.6296  0.439E-02  0.699E-02   0.00       0.00       1.00       1.00    
    10.0000     8.9353     4.8272     3.6375  0.435E-02  0.694E-02   0.00       0.00       1.00       1.00    
    10.0000     8.9561     4.8358     3.6448  0.433E-02  0.690E-02   0.00       0.00       1.00       1.00    
    10.0000     8.9754     4.8442     3.6516  0.431E-02  0.690E-02   0.00       0.00       1.00       1.00    
    10.0000     9.0119     4.8615     3.6648  0.427E-02  0.685E-02   0.00       0.00       1.00       1.00    
    10.0000     9.3769     5.0911     3.8108  0.388E-02  0.613E-02   0.00       0.00       1.00       1.00    
    10.0000     9.4105     5.1123     3.8242  0.388E-02  0.613E-02   0.00       0.00       1.00       1.00    
    10.0000     9.4438     5.1336     3.8375  0.386E-02  0.610E-02   0.00       0.00       1.00       1.00    
    10.0000     9.4777     5.1546     3.8511  0.386E-02  0.610E-02   0.00       0.00       1.00       1.00    
    10.0000     9.5112     5.1758     3.8643  0.385E-02  0.606E-02   0.00       0.00       1.00       1.00    
    10.0000     9.5449     5.1970     3.8771  0.385E-02  0.606E-02   0.00       0.00       1.00       1.00    
    10.0000     9.5785     5.2181     3.8898  0.383E-02  0.606E-02   0.00       0.00       1.00       1.00    
    10.0000     9.6119     5.2394     3.9025  0.383E-02  0.602E-02   0.00       0.00       1.00       1.00    
    10.0000     9.6458     5.2604     3.9154  0.383E-02  0.602E-02   0.00       0.00       1.00       1.00    
    10.0000     9.6794     5.2816     3.9282  0.382E-02  0.599E-02   0.00       0.00       1.00       1.00    
    10.0000     9.7130     5.3029     3.9409  0.382E-02  0.599E-02   0.00       0.00       1.00       1.00    
    10.0000     9.7466     5.3242     3.9537  0.380E-02  0.599E-02   0.00       0.00       1.00       1.00    
    10.0000     9.7799     5.3454     3.9664  0.380E-02  0.595E-02   0.00       0.00       1.00       1.00    
    10.0000     9.8137     5.3669     3.9792  0.380E-02  0.595E-02   0.00       0.00       1.00       1.00    
    10.0000     9.8473     5.3883     3.9920  0.379E-02  0.592E-02   0.00       0.00       1.00       1.00    
    10.0000     9.8808     5.4094     4.0047  0.379E-02  0.592E-02   0.00       0.00       1.00       1.00    
     0.0000     9.9144     5.4306     4.0175  0.377E-02  0.592E-02   0.00       0.00       1.00       1.00    
