MODEL.01
 
ISOTROPIC
KGS
SPHERICAL EARTH
1-D
CONSTANT VELOCITY
LINE08
LINE09
LINE10
LINE11
      H(KM)   VP(KM/S)   VS(KM/S) RHO(GM/CC)     QP         QS       ETAP       ETAS      FREFP      FREFS    
     2.0000     6.1547     3.4332     2.7458  0.118E-02  0.167E-02   0.00       0.00       1.00       1.00    
     2.0000     6.1657     3.4389     2.7490  0.118E-02  0.167E-02   0.00       0.00       1.00       1.00    
     2.0000     6.1849     3.4499     2.7545  0.118E-02  0.167E-02   0.00       0.00       1.00       1.00    
     2.0000     6.2099     3.4637     2.7616  0.118E-02  0.167E-02   0.00       0.00       1.00       1.00    
     2.0000     6.2369     3.4788     2.7694  0.118E-02  0.167E-02   0.00       0.00       1.00       1.00    
     2.0000     6.2648     3.4943     2.7777  0.118E-02  0.167E-02   0.00       0.00       1.00       1.00    
     2.0000     6.2941     3.5109     2.7868  0.118E-02  0.167E-02   0.00       0.00       1.00       1.00    
     2.0000     6.3278     3.5294     2.7976  0.118E-02  0.167E-02   0.00       0.00       1.00       1.00    
     2.0000     6.3689     3.5523     2.8108  0.118E-02  0.167E-02   0.00       0.00       1.00       1.00    
     2.0000     6.4203     3.5810     2.8271  0.118E-02  0.167E-02   0.00       0.00       1.00       1.00    
     2.0000     6.5197     3.6363     2.8571  0.118E-02  0.167E-02   0.00       0.00       1.00       1.00    
     2.0000     6.6382     3.7027     2.8887  0.118E-02  0.167E-02   0.00       0.00       1.00       1.00    
     2.0000     6.7736     3.7783     2.9242  0.118E-02  0.167E-02   0.00       0.00       1.00       1.00    
     2.0000     6.9217     3.8606     2.9625  0.118E-02  0.167E-02   0.00       0.00       1.00       1.00    
     2.0000     7.0764     3.9470     3.0072  0.118E-02  0.167E-02   0.00       0.00       1.00       1.00    
     2.0000     7.2311     4.0333     3.0556  0.118E-02  0.167E-02   0.00       0.00       1.00       1.00    
     2.0000     7.3792     4.1159     3.1015  0.118E-02  0.167E-02   0.00       0.00       1.00       1.00    
     2.0000     7.5148     4.1916     3.1436  0.118E-02  0.167E-02   0.00       0.00       1.00       1.00    
     2.0000     7.6322     4.2572     3.1819  0.118E-02  0.167E-02   0.00       0.00       1.00       1.00    
     2.0000     7.7281     4.3105     3.2132  0.118E-02  0.167E-02   0.00       0.00       1.00       1.00    
     2.0000     7.7991     4.3503     3.2364  0.118E-02  0.167E-02   0.00       0.00       1.00       1.00    
     2.0000     7.8442     4.3753     3.2512  0.118E-02  0.167E-02   0.00       0.00       1.00       1.00    
     2.0000     7.8629     4.3856     3.2576  0.118E-02  0.167E-02   0.00       0.00       1.00       1.00    
     2.0000     7.8565     4.3822     3.2560  0.118E-02  0.167E-02   0.00       0.00       1.00       1.00    
     2.0000     7.8272     4.3659     3.2473  0.118E-02  0.167E-02   0.00       0.00       1.00       1.00    
     5.0000     7.7876     4.3437     3.2353  0.118E-02  0.167E-02   0.00       0.00       1.00       1.00    
     5.0000     7.7382     4.3168     3.2204  0.118E-02  0.167E-02   0.00       0.00       1.00       1.00    
     5.0000     7.7031     4.2984     3.2101  0.118E-02  0.167E-02   0.00       0.00       1.00       1.00    
     5.0000     7.6926     4.2932     3.2076  0.118E-02  0.167E-02   0.00       0.00       1.00       1.00    
     5.0000     7.7050     4.3011     3.2121  0.118E-02  0.167E-02   0.00       0.00       1.00       1.00    
     5.0000     7.7425     4.3139     3.2248  0.118E-02  0.167E-02   0.00       0.00       1.00       1.00    
     5.0000     7.7558     4.3310     3.2289  0.118E-02  0.167E-02   0.00       0.00       1.00       1.00    
     5.0000     7.7733     4.3417     3.2347  0.118E-02  0.167E-02   0.00       0.00       1.00       1.00    
     5.0000     7.7797     4.3443     3.2367  0.118E-02  0.167E-02   0.00       0.00       1.00       1.00    
     5.0000     7.7876     4.3515     3.2393  0.118E-02  0.167E-02   0.00       0.00       1.00       1.00    
    10.0000     7.8039     4.3580     3.2447  0.118E-02  0.167E-02   0.00       0.00       1.00       1.00    
    10.0000     7.8107     4.3662     3.2467  0.118E-02  0.167E-02   0.00       0.00       1.00       1.00    
    10.0000     7.8412     4.3768     3.2568  0.862E-02  0.131E-01   0.00       0.00       1.00       1.00    
    10.0000     7.8849     4.3878     3.2713  0.862E-02  0.131E-01   0.00       0.00       1.00       1.00    
    10.0000     7.9292     4.3985     3.2860  0.855E-02  0.131E-01   0.00       0.00       1.00       1.00    
    10.0000     7.9745     4.4118     3.3010  0.847E-02  0.131E-01   0.00       0.00       1.00       1.00    
    10.0000     8.0206     4.4245     3.3167  0.847E-02  0.131E-01   0.00       0.00       1.00       1.00    
    10.0000     8.0667     4.4359     3.3329  0.833E-02  0.130E-01   0.00       0.00       1.00       1.00    
    10.0000     8.1122     4.4481     3.3489  0.826E-02  0.129E-01   0.00       0.00       1.00       1.00    
    10.0000     8.1573     4.4600     3.3648  0.813E-02  0.128E-01   0.00       0.00       1.00       1.00    
    10.0000     8.2017     4.4708     3.3805  0.806E-02  0.126E-01   0.00       0.00       1.00       1.00    
    10.0000     8.2489     4.4895     3.3972  0.474E-02  0.746E-02   0.00       0.00       1.00       1.00    
    10.0000     8.2996     4.5155     3.4152  0.472E-02  0.741E-02   0.00       0.00       1.00       1.00    
    10.0000     8.3487     4.5404     3.4327  0.469E-02  0.741E-02   0.00       0.00       1.00       1.00    
    10.0000     8.3962     4.5651     3.4497  0.467E-02  0.735E-02   0.00       0.00       1.00       1.00    
    10.0000     8.4429     4.5887     3.4664  0.465E-02  0.735E-02   0.00       0.00       1.00       1.00    
    10.0000     8.4881     4.6112     3.4827  0.463E-02  0.730E-02   0.00       0.00       1.00       1.00    
    10.0000     8.5321     4.6328     3.4981  0.461E-02  0.730E-02   0.00       0.00       1.00       1.00    
    10.0000     8.5750     4.6534     3.5127  0.459E-02  0.725E-02   0.00       0.00       1.00       1.00    
    10.0000     8.6163     4.6737     3.5268  0.455E-02  0.725E-02   0.00       0.00       1.00       1.00    
    10.0000     8.6564     4.6930     3.5406  0.452E-02  0.719E-02   0.00       0.00       1.00       1.00    
    10.0000     8.6959     4.7119     3.5542  0.450E-02  0.714E-02   0.00       0.00       1.00       1.00    
    10.0000     8.7341     4.7301     3.5673  0.448E-02  0.714E-02   0.00       0.00       1.00       1.00    
    10.0000     8.7709     4.7477     3.5801  0.446E-02  0.709E-02   0.00       0.00       1.00       1.00    
    10.0000     8.8073     4.7650     3.5927  0.442E-02  0.704E-02   0.00       0.00       1.00       1.00    
    10.0000     8.8424     4.7818     3.6050  0.441E-02  0.704E-02   0.00       0.00       1.00       1.00    
    10.0000     8.8768     4.7978     3.6170  0.439E-02  0.699E-02   0.00       0.00       1.00       1.00    
    10.0000     8.9105     4.8138     3.6288  0.435E-02  0.694E-02   0.00       0.00       1.00       1.00    
    10.0000     8.9433     4.8290     3.6403  0.433E-02  0.690E-02   0.00       0.00       1.00       1.00    
    10.0000     8.9754     4.8442     3.6516  0.431E-02  0.690E-02   0.00       0.00       1.00       1.00    
    10.0000     9.0119     4.8615     3.6648  0.427E-02  0.685E-02   0.00       0.00       1.00       1.00    
    10.0000     9.3769     5.0911     3.8108  0.388E-02  0.613E-02   0.00       0.00       1.00       1.00    
    10.0000     9.4105     5.1123     3.8242  0.388E-02  0.613E-02   0.00       0.00       1.00       1.00    
    10.0000     9.4438     5.1336     3.8375  0.386E-02  0.610E-02   0.00       0.00       1.00       1.00    
    10.0000     9.4777     5.1546     3.8511  0.386E-02  0.610E-02   0.00       0.00       1.00       1.00    
    10.0000     9.5112     5.1758     3.8643  0.385E-02  0.606E-02   0.00       0.00       1.00       1.00    
    10.0000     9.5449     5.1970     3.8771  0.385E-02  0.606E-02   0.00       0.00       1.00       1.00    
    10.0000     9.5785     5.2181     3.8898  0.383E-02  0.606E-02   0.00       0.00       1.00       1.00    
    10.0000     9.6119     5.2394     3.9025  0.383E-02  0.602E-02   0.00       0.00       1.00       1.00    
    10.0000     9.6458     5.2604     3.9154  0.383E-02  0.602E-02   0.00       0.00       1.00       1.00    
    10.0000     9.6794     5.2816     3.9282  0.382E-02  0.599E-02   0.00       0.00       1.00       1.00    
    10.0000     9.7130     5.3029     3.9409  0.382E-02  0.599E-02   0.00       0.00       1.00       1.00    
    10.0000     9.7466     5.3242     3.9537  0.380E-02  0.599E-02   0.00       0.00       1.00       1.00    
    10.0000     9.7799     5.3454     3.9664  0.380E-02  0.595E-02   0.00       0.00       1.00       1.00    
    10.0000     9.8137     5.3669     3.9792  0.380E-02  0.595E-02   0.00       0.00       1.00       1.00    
    10.0000     9.8473     5.3883     3.9920  0.379E-02  0.592E-02   0.00       0.00       1.00       1.00    
    10.0000     9.8808     5.4094     4.0047  0.379E-02  0.592E-02   0.00       0.00       1.00       1.00    
     0.0000     9.9144     5.4306     4.0175  0.377E-02  0.592E-02   0.00       0.00       1.00       1.00    
