MODEL.01
 
ISOTROPIC
KGS
SPHERICAL EARTH
1-D
CONSTANT VELOCITY
LINE08
LINE09
LINE10
LINE11
      H(KM)   VP(KM/S)   VS(KM/S) RHO(GM/CC)     QP         QS       ETAP       ETAS      FREFP      FREFS    
     2.0000     6.4454     3.5951     2.7459  0.118E-02  0.167E-02   0.00       0.00       1.00       1.00    
     2.0000     6.4486     3.5968     2.7470  0.118E-02  0.167E-02   0.00       0.00       1.00       1.00    
     2.0000     6.4539     3.5998     2.7489  0.118E-02  0.167E-02   0.00       0.00       1.00       1.00    
     2.0000     6.4628     3.6048     2.7516  0.118E-02  0.167E-02   0.00       0.00       1.00       1.00    
     2.0000     6.4767     3.6125     2.7552  0.118E-02  0.167E-02   0.00       0.00       1.00       1.00    
     2.0000     6.4963     3.6234     2.7599  0.118E-02  0.167E-02   0.00       0.00       1.00       1.00    
     2.0000     6.5219     3.6378     2.7659  0.118E-02  0.167E-02   0.00       0.00       1.00       1.00    
     2.0000     6.5533     3.6552     2.7731  0.118E-02  0.167E-02   0.00       0.00       1.00       1.00    
     2.0000     6.5897     3.6756     2.7816  0.118E-02  0.167E-02   0.00       0.00       1.00       1.00    
     2.0000     6.6305     3.6984     2.7914  0.118E-02  0.167E-02   0.00       0.00       1.00       1.00    
     2.0000     6.6995     3.7368     2.8085  0.118E-02  0.167E-02   0.00       0.00       1.00       1.00    
     2.0000     6.7724     3.7775     2.8274  0.118E-02  0.167E-02   0.00       0.00       1.00       1.00    
     2.0000     6.8482     3.8197     2.8478  0.118E-02  0.167E-02   0.00       0.00       1.00       1.00    
     2.0000     6.9257     3.8630     2.8672  0.118E-02  0.167E-02   0.00       0.00       1.00       1.00    
     2.0000     7.0042     3.9067     2.8874  0.118E-02  0.167E-02   0.00       0.00       1.00       1.00    
     2.0000     7.0829     3.9507     2.9087  0.118E-02  0.167E-02   0.00       0.00       1.00       1.00    
     2.0000     7.1614     3.9944     2.9310  0.118E-02  0.167E-02   0.00       0.00       1.00       1.00    
     2.0000     7.2393     4.0379     2.9542  0.118E-02  0.167E-02   0.00       0.00       1.00       1.00    
     2.0000     7.3164     4.0810     2.9782  0.118E-02  0.167E-02   0.00       0.00       1.00       1.00    
     2.0000     7.3927     4.1235     3.0084  0.118E-02  0.167E-02   0.00       0.00       1.00       1.00    
     2.0000     7.4682     4.1656     3.0400  0.118E-02  0.167E-02   0.00       0.00       1.00       1.00    
     2.0000     7.5429     4.2073     3.0725  0.118E-02  0.167E-02   0.00       0.00       1.00       1.00    
     2.0000     7.6170     4.2485     3.1059  0.118E-02  0.167E-02   0.00       0.00       1.00       1.00    
     2.0000     7.6906     4.2896     3.1401  0.118E-02  0.167E-02   0.00       0.00       1.00       1.00    
     2.0000     7.7639     4.3305     3.1774  0.118E-02  0.167E-02   0.00       0.00       1.00       1.00    
     5.0000     7.8233     4.3637     3.2083  0.118E-02  0.167E-02   0.00       0.00       1.00       1.00    
     5.0000     7.8715     4.3913     3.2343  0.118E-02  0.167E-02   0.00       0.00       1.00       1.00    
     5.0000     7.9094     4.4134     3.2554  0.118E-02  0.167E-02   0.00       0.00       1.00       1.00    
     5.0000     7.9386     4.4306     3.2718  0.118E-02  0.167E-02   0.00       0.00       1.00       1.00    
     5.0000     7.9602     4.4434     3.2839  0.118E-02  0.167E-02   0.00       0.00       1.00       1.00    
     5.0000     7.9880     4.4508     3.2964  0.118E-02  0.167E-02   0.00       0.00       1.00       1.00    
     5.0000     7.9841     4.4586     3.2969  0.118E-02  0.167E-02   0.00       0.00       1.00       1.00    
     5.0000     7.9888     4.4621     3.2993  0.118E-02  0.167E-02   0.00       0.00       1.00       1.00    
     5.0000     7.9905     4.4620     3.3001  0.118E-02  0.167E-02   0.00       0.00       1.00       1.00    
     5.0000     7.9921     4.4657     3.3008  0.118E-02  0.167E-02   0.00       0.00       1.00       1.00    
    10.0000     8.0008     4.4681     3.3040  0.118E-02  0.167E-02   0.00       0.00       1.00       1.00    
    10.0000     7.9968     4.4703     3.3028  0.118E-02  0.167E-02   0.00       0.00       1.00       1.00    
    10.0000     8.0152     4.4739     3.3093  0.862E-02  0.131E-01   0.00       0.00       1.00       1.00    
    10.0000     8.0447     4.4767     3.3200  0.862E-02  0.131E-01   0.00       0.00       1.00       1.00    
    10.0000     8.0735     4.4786     3.3306  0.855E-02  0.131E-01   0.00       0.00       1.00       1.00    
    10.0000     8.1027     4.4826     3.3413  0.847E-02  0.131E-01   0.00       0.00       1.00       1.00    
    10.0000     8.1323     4.4860     3.3522  0.847E-02  0.131E-01   0.00       0.00       1.00       1.00    
    10.0000     8.1619     4.4883     3.3630  0.833E-02  0.130E-01   0.00       0.00       1.00       1.00    
    10.0000     8.1913     4.4915     3.3738  0.826E-02  0.129E-01   0.00       0.00       1.00       1.00    
    10.0000     8.2213     4.4947     3.3848  0.813E-02  0.128E-01   0.00       0.00       1.00       1.00    
    10.0000     8.2510     4.4977     3.3957  0.806E-02  0.126E-01   0.00       0.00       1.00       1.00    
    10.0000     8.2850     4.5091     3.4082  0.474E-02  0.746E-02   0.00       0.00       1.00       1.00    
    10.0000     8.3233     4.5284     3.4222  0.472E-02  0.741E-02   0.00       0.00       1.00       1.00    
    10.0000     8.3614     4.5476     3.4361  0.469E-02  0.741E-02   0.00       0.00       1.00       1.00    
    10.0000     8.3997     4.5669     3.4501  0.467E-02  0.735E-02   0.00       0.00       1.00       1.00    
    10.0000     8.4380     4.5861     3.4642  0.465E-02  0.735E-02   0.00       0.00       1.00       1.00    
    10.0000     8.4763     4.6049     3.4782  0.463E-02  0.730E-02   0.00       0.00       1.00       1.00    
    10.0000     8.5148     4.6235     3.4921  0.461E-02  0.730E-02   0.00       0.00       1.00       1.00    
    10.0000     8.5533     4.6417     3.5055  0.459E-02  0.725E-02   0.00       0.00       1.00       1.00    
    10.0000     8.5917     4.6604     3.5188  0.455E-02  0.725E-02   0.00       0.00       1.00       1.00    
    10.0000     8.6301     4.6786     3.5321  0.452E-02  0.719E-02   0.00       0.00       1.00       1.00    
    10.0000     8.6686     4.6971     3.5454  0.450E-02  0.714E-02   0.00       0.00       1.00       1.00    
    10.0000     8.7069     4.7154     3.5586  0.448E-02  0.714E-02   0.00       0.00       1.00       1.00    
    10.0000     8.7453     4.7339     3.5719  0.446E-02  0.709E-02   0.00       0.00       1.00       1.00    
    10.0000     8.7837     4.7522     3.5852  0.442E-02  0.704E-02   0.00       0.00       1.00       1.00    
    10.0000     8.8220     4.7707     3.5985  0.441E-02  0.704E-02   0.00       0.00       1.00       1.00    
    10.0000     8.8605     4.7889     3.6118  0.439E-02  0.699E-02   0.00       0.00       1.00       1.00    
    10.0000     8.8988     4.8075     3.6251  0.435E-02  0.694E-02   0.00       0.00       1.00       1.00    
    10.0000     8.9371     4.8256     3.6384  0.433E-02  0.690E-02   0.00       0.00       1.00       1.00    
    10.0000     8.9754     4.8442     3.6516  0.431E-02  0.690E-02   0.00       0.00       1.00       1.00    
    10.0000     9.0119     4.8615     3.6648  0.427E-02  0.685E-02   0.00       0.00       1.00       1.00    
    10.0000     9.3769     5.0911     3.8108  0.388E-02  0.613E-02   0.00       0.00       1.00       1.00    
    10.0000     9.4105     5.1123     3.8242  0.388E-02  0.613E-02   0.00       0.00       1.00       1.00    
    10.0000     9.4438     5.1336     3.8375  0.386E-02  0.610E-02   0.00       0.00       1.00       1.00    
    10.0000     9.4777     5.1546     3.8511  0.386E-02  0.610E-02   0.00       0.00       1.00       1.00    
    10.0000     9.5112     5.1758     3.8643  0.385E-02  0.606E-02   0.00       0.00       1.00       1.00    
    10.0000     9.5449     5.1970     3.8771  0.385E-02  0.606E-02   0.00       0.00       1.00       1.00    
    10.0000     9.5785     5.2181     3.8898  0.383E-02  0.606E-02   0.00       0.00       1.00       1.00    
    10.0000     9.6119     5.2394     3.9025  0.383E-02  0.602E-02   0.00       0.00       1.00       1.00    
    10.0000     9.6458     5.2604     3.9154  0.383E-02  0.602E-02   0.00       0.00       1.00       1.00    
    10.0000     9.6794     5.2816     3.9282  0.382E-02  0.599E-02   0.00       0.00       1.00       1.00    
    10.0000     9.7130     5.3029     3.9409  0.382E-02  0.599E-02   0.00       0.00       1.00       1.00    
    10.0000     9.7466     5.3242     3.9537  0.380E-02  0.599E-02   0.00       0.00       1.00       1.00    
    10.0000     9.7799     5.3454     3.9664  0.380E-02  0.595E-02   0.00       0.00       1.00       1.00    
    10.0000     9.8137     5.3669     3.9792  0.380E-02  0.595E-02   0.00       0.00       1.00       1.00    
    10.0000     9.8473     5.3883     3.9920  0.379E-02  0.592E-02   0.00       0.00       1.00       1.00    
    10.0000     9.8808     5.4094     4.0047  0.379E-02  0.592E-02   0.00       0.00       1.00       1.00    
     0.0000     9.9144     5.4306     4.0175  0.377E-02  0.592E-02   0.00       0.00       1.00       1.00    
