MODEL.01
 
ISOTROPIC
KGS
SPHERICAL EARTH
1-D
CONSTANT VELOCITY
LINE08
LINE09
LINE10
LINE11
      H(KM)   VP(KM/S)   VS(KM/S) RHO(GM/CC)     QP         QS       ETAP       ETAS      FREFP      FREFS    
     2.0000     6.1179     3.4127     2.7372  0.118E-02  0.167E-02   0.00       0.00       1.00       1.00    
     2.0000     6.1329     3.4207     2.7416  0.118E-02  0.167E-02   0.00       0.00       1.00       1.00    
     2.0000     6.1645     3.4386     2.7507  0.118E-02  0.167E-02   0.00       0.00       1.00       1.00    
     2.0000     6.2111     3.4645     2.7641  0.118E-02  0.167E-02   0.00       0.00       1.00       1.00    
     2.0000     6.2632     3.4932     2.7788  0.118E-02  0.167E-02   0.00       0.00       1.00       1.00    
     2.0000     6.3109     3.5201     2.7923  0.118E-02  0.167E-02   0.00       0.00       1.00       1.00    
     2.0000     6.3495     3.5418     2.8033  0.118E-02  0.167E-02   0.00       0.00       1.00       1.00    
     2.0000     6.3788     3.5580     2.8119  0.118E-02  0.167E-02   0.00       0.00       1.00       1.00    
     2.0000     6.4040     3.5719     2.8196  0.118E-02  0.167E-02   0.00       0.00       1.00       1.00    
     2.0000     6.4316     3.5874     2.8284  0.118E-02  0.167E-02   0.00       0.00       1.00       1.00    
     2.0000     6.4907     3.6201     2.8471  0.118E-02  0.167E-02   0.00       0.00       1.00       1.00    
     2.0000     6.5733     3.6665     2.8699  0.118E-02  0.167E-02   0.00       0.00       1.00       1.00    
     2.0000     6.6840     3.7282     2.8994  0.118E-02  0.167E-02   0.00       0.00       1.00       1.00    
     2.0000     6.8220     3.8051     2.9357  0.118E-02  0.167E-02   0.00       0.00       1.00       1.00    
     2.0000     6.9824     3.8946     2.9775  0.118E-02  0.167E-02   0.00       0.00       1.00       1.00    
     2.0000     7.1573     3.9921     3.0327  0.118E-02  0.167E-02   0.00       0.00       1.00       1.00    
     2.0000     7.3369     4.0924     3.0896  0.118E-02  0.167E-02   0.00       0.00       1.00       1.00    
     2.0000     7.5106     4.1892     3.1446  0.118E-02  0.167E-02   0.00       0.00       1.00       1.00    
     2.0000     7.6689     4.2777     3.1973  0.118E-02  0.167E-02   0.00       0.00       1.00       1.00    
     2.0000     7.8036     4.3526     3.2420  0.118E-02  0.167E-02   0.00       0.00       1.00       1.00    
     2.0000     7.9071     4.4105     3.2762  0.118E-02  0.167E-02   0.00       0.00       1.00       1.00    
     2.0000     7.9748     4.4483     3.2985  0.118E-02  0.167E-02   0.00       0.00       1.00       1.00    
     2.0000     8.0037     4.4641     3.3078  0.118E-02  0.167E-02   0.00       0.00       1.00       1.00    
     2.0000     7.9931     4.4584     3.3040  0.118E-02  0.167E-02   0.00       0.00       1.00       1.00    
     2.0000     7.9437     4.4308     3.2875  0.118E-02  0.167E-02   0.00       0.00       1.00       1.00    
     5.0000     7.8757     4.3929     3.2649  0.118E-02  0.167E-02   0.00       0.00       1.00       1.00    
     5.0000     7.7818     4.3410     3.2340  0.118E-02  0.167E-02   0.00       0.00       1.00       1.00    
     5.0000     7.7037     4.2985     3.2086  0.118E-02  0.167E-02   0.00       0.00       1.00       1.00    
     5.0000     7.6622     4.2762     3.1954  0.118E-02  0.167E-02   0.00       0.00       1.00       1.00    
     5.0000     7.6593     4.2755     3.1950  0.118E-02  0.167E-02   0.00       0.00       1.00       1.00    
     5.0000     7.6938     4.2868     3.2069  0.118E-02  0.167E-02   0.00       0.00       1.00       1.00    
     5.0000     7.7114     4.3061     3.2129  0.118E-02  0.167E-02   0.00       0.00       1.00       1.00    
     5.0000     7.7338     4.3195     3.2204  0.118E-02  0.167E-02   0.00       0.00       1.00       1.00    
     5.0000     7.7420     4.3232     3.2232  0.118E-02  0.167E-02   0.00       0.00       1.00       1.00    
     5.0000     7.7529     4.3321     3.2268  0.118E-02  0.167E-02   0.00       0.00       1.00       1.00    
    10.0000     7.7727     4.3406     3.2335  0.118E-02  0.167E-02   0.00       0.00       1.00       1.00    
    10.0000     7.7850     4.3519     3.2375  0.118E-02  0.167E-02   0.00       0.00       1.00       1.00    
    10.0000     7.8224     4.3664     3.2501  0.862E-02  0.131E-01   0.00       0.00       1.00       1.00    
    10.0000     7.8741     4.3819     3.2675  0.862E-02  0.131E-01   0.00       0.00       1.00       1.00    
    10.0000     7.9271     4.3974     3.2853  0.855E-02  0.131E-01   0.00       0.00       1.00       1.00    
    10.0000     7.9817     4.4158     3.3036  0.847E-02  0.131E-01   0.00       0.00       1.00       1.00    
    10.0000     8.0372     4.4337     3.3230  0.847E-02  0.131E-01   0.00       0.00       1.00       1.00    
    10.0000     8.0925     4.4501     3.3427  0.833E-02  0.130E-01   0.00       0.00       1.00       1.00    
    10.0000     8.1470     4.4670     3.3621  0.826E-02  0.129E-01   0.00       0.00       1.00       1.00    
    10.0000     8.2001     4.4834     3.3810  0.813E-02  0.128E-01   0.00       0.00       1.00       1.00    
    10.0000     8.2520     4.4982     3.3995  0.806E-02  0.126E-01   0.00       0.00       1.00       1.00    
    10.0000     8.3056     4.5203     3.4186  0.474E-02  0.746E-02   0.00       0.00       1.00       1.00    
    10.0000     8.3618     4.5492     3.4387  0.472E-02  0.741E-02   0.00       0.00       1.00       1.00    
    10.0000     8.4152     4.5765     3.4577  0.469E-02  0.741E-02   0.00       0.00       1.00       1.00    
    10.0000     8.4660     4.6031     3.4760  0.467E-02  0.735E-02   0.00       0.00       1.00       1.00    
    10.0000     8.5148     4.6278     3.4933  0.465E-02  0.735E-02   0.00       0.00       1.00       1.00    
    10.0000     8.5611     4.6508     3.5090  0.463E-02  0.730E-02   0.00       0.00       1.00       1.00    
    10.0000     8.6051     4.6723     3.5239  0.461E-02  0.730E-02   0.00       0.00       1.00       1.00    
    10.0000     8.6469     4.6925     3.5381  0.459E-02  0.725E-02   0.00       0.00       1.00       1.00    
    10.0000     8.6861     4.7116     3.5515  0.455E-02  0.725E-02   0.00       0.00       1.00       1.00    
    10.0000     8.7233     4.7292     3.5642  0.452E-02  0.719E-02   0.00       0.00       1.00       1.00    
    10.0000     8.7586     4.7457     3.5763  0.450E-02  0.714E-02   0.00       0.00       1.00       1.00    
    10.0000     8.7919     4.7612     3.5878  0.448E-02  0.714E-02   0.00       0.00       1.00       1.00    
    10.0000     8.8229     4.7757     3.5985  0.446E-02  0.709E-02   0.00       0.00       1.00       1.00    
    10.0000     8.8526     4.7896     3.6087  0.442E-02  0.704E-02   0.00       0.00       1.00       1.00    
    10.0000     8.8804     4.8022     3.6184  0.441E-02  0.704E-02   0.00       0.00       1.00       1.00    
    10.0000     8.9062     4.8136     3.6274  0.439E-02  0.699E-02   0.00       0.00       1.00       1.00    
    10.0000     8.9309     4.8248     3.6360  0.435E-02  0.694E-02   0.00       0.00       1.00       1.00    
    10.0000     8.9538     4.8346     3.6440  0.433E-02  0.690E-02   0.00       0.00       1.00       1.00    
    10.0000     8.9754     4.8442     3.6516  0.431E-02  0.690E-02   0.00       0.00       1.00       1.00    
    10.0000     9.0119     4.8615     3.6648  0.427E-02  0.685E-02   0.00       0.00       1.00       1.00    
    10.0000     9.3769     5.0911     3.8108  0.388E-02  0.613E-02   0.00       0.00       1.00       1.00    
    10.0000     9.4105     5.1123     3.8242  0.388E-02  0.613E-02   0.00       0.00       1.00       1.00    
    10.0000     9.4438     5.1336     3.8375  0.386E-02  0.610E-02   0.00       0.00       1.00       1.00    
    10.0000     9.4777     5.1546     3.8511  0.386E-02  0.610E-02   0.00       0.00       1.00       1.00    
    10.0000     9.5112     5.1758     3.8643  0.385E-02  0.606E-02   0.00       0.00       1.00       1.00    
    10.0000     9.5449     5.1970     3.8771  0.385E-02  0.606E-02   0.00       0.00       1.00       1.00    
    10.0000     9.5785     5.2181     3.8898  0.383E-02  0.606E-02   0.00       0.00       1.00       1.00    
    10.0000     9.6119     5.2394     3.9025  0.383E-02  0.602E-02   0.00       0.00       1.00       1.00    
    10.0000     9.6458     5.2604     3.9154  0.383E-02  0.602E-02   0.00       0.00       1.00       1.00    
    10.0000     9.6794     5.2816     3.9282  0.382E-02  0.599E-02   0.00       0.00       1.00       1.00    
    10.0000     9.7130     5.3029     3.9409  0.382E-02  0.599E-02   0.00       0.00       1.00       1.00    
    10.0000     9.7466     5.3242     3.9537  0.380E-02  0.599E-02   0.00       0.00       1.00       1.00    
    10.0000     9.7799     5.3454     3.9664  0.380E-02  0.595E-02   0.00       0.00       1.00       1.00    
    10.0000     9.8137     5.3669     3.9792  0.380E-02  0.595E-02   0.00       0.00       1.00       1.00    
    10.0000     9.8473     5.3883     3.9920  0.379E-02  0.592E-02   0.00       0.00       1.00       1.00    
    10.0000     9.8808     5.4094     4.0047  0.379E-02  0.592E-02   0.00       0.00       1.00       1.00    
     0.0000     9.9144     5.4306     4.0175  0.377E-02  0.592E-02   0.00       0.00       1.00       1.00    
