MODEL.01
 
ISOTROPIC
KGS
SPHERICAL EARTH
1-D
CONSTANT VELOCITY
LINE08
LINE09
LINE10
LINE11
      H(KM)   VP(KM/S)   VS(KM/S) RHO(GM/CC)     QP         QS       ETAP       ETAS      FREFP      FREFS    
     2.0000     6.1554     3.4336     2.7464  0.118E-02  0.167E-02   0.00       0.00       1.00       1.00    
     2.0000     6.1668     3.4395     2.7497  0.118E-02  0.167E-02   0.00       0.00       1.00       1.00    
     2.0000     6.1870     3.4511     2.7555  0.118E-02  0.167E-02   0.00       0.00       1.00       1.00    
     2.0000     6.2135     3.4657     2.7630  0.118E-02  0.167E-02   0.00       0.00       1.00       1.00    
     2.0000     6.2418     3.4815     2.7711  0.118E-02  0.167E-02   0.00       0.00       1.00       1.00    
     2.0000     6.2701     3.4973     2.7794  0.118E-02  0.167E-02   0.00       0.00       1.00       1.00    
     2.0000     6.2988     3.5135     2.7882  0.118E-02  0.167E-02   0.00       0.00       1.00       1.00    
     2.0000     6.3307     3.5310     2.7983  0.118E-02  0.167E-02   0.00       0.00       1.00       1.00    
     2.0000     6.3692     3.5525     2.8107  0.118E-02  0.167E-02   0.00       0.00       1.00       1.00    
     2.0000     6.4177     3.5796     2.8261  0.118E-02  0.167E-02   0.00       0.00       1.00       1.00    
     2.0000     6.5131     3.6326     2.8551  0.118E-02  0.167E-02   0.00       0.00       1.00       1.00    
     2.0000     6.6286     3.6973     2.8859  0.118E-02  0.167E-02   0.00       0.00       1.00       1.00    
     2.0000     6.7625     3.7721     2.9211  0.118E-02  0.167E-02   0.00       0.00       1.00       1.00    
     2.0000     6.9109     3.8545     2.9596  0.118E-02  0.167E-02   0.00       0.00       1.00       1.00    
     2.0000     7.0674     3.9420     3.0044  0.118E-02  0.167E-02   0.00       0.00       1.00       1.00    
     2.0000     7.2253     4.0301     3.0540  0.118E-02  0.167E-02   0.00       0.00       1.00       1.00    
     2.0000     7.3776     4.1150     3.1013  0.118E-02  0.167E-02   0.00       0.00       1.00       1.00    
     2.0000     7.5177     4.1932     3.1450  0.118E-02  0.167E-02   0.00       0.00       1.00       1.00    
     2.0000     7.6396     4.2613     3.1849  0.118E-02  0.167E-02   0.00       0.00       1.00       1.00    
     2.0000     7.7394     4.3168     3.2176  0.118E-02  0.167E-02   0.00       0.00       1.00       1.00    
     2.0000     7.8133     4.3582     3.2417  0.118E-02  0.167E-02   0.00       0.00       1.00       1.00    
     2.0000     7.8601     4.3842     3.2570  0.118E-02  0.167E-02   0.00       0.00       1.00       1.00    
     2.0000     7.8789     4.3945     3.2634  0.118E-02  0.167E-02   0.00       0.00       1.00       1.00    
     2.0000     7.8710     4.3903     3.2612  0.118E-02  0.167E-02   0.00       0.00       1.00       1.00    
     2.0000     7.8385     4.3722     3.2512  0.118E-02  0.167E-02   0.00       0.00       1.00       1.00    
     5.0000     7.7950     4.3478     3.2378  0.118E-02  0.167E-02   0.00       0.00       1.00       1.00    
     5.0000     7.7404     4.3180     3.2210  0.118E-02  0.167E-02   0.00       0.00       1.00       1.00    
     5.0000     7.7008     4.2971     3.2091  0.118E-02  0.167E-02   0.00       0.00       1.00       1.00    
     5.0000     7.6873     4.2903     3.2055  0.118E-02  0.167E-02   0.00       0.00       1.00       1.00    
     5.0000     7.6986     4.2975     3.2097  0.118E-02  0.167E-02   0.00       0.00       1.00       1.00    
     5.0000     7.7363     4.3105     3.2225  0.118E-02  0.167E-02   0.00       0.00       1.00       1.00    
     5.0000     7.7505     4.3280     3.2270  0.118E-02  0.167E-02   0.00       0.00       1.00       1.00    
     5.0000     7.7687     4.3391     3.2329  0.118E-02  0.167E-02   0.00       0.00       1.00       1.00    
     5.0000     7.7753     4.3419     3.2351  0.118E-02  0.167E-02   0.00       0.00       1.00       1.00    
     5.0000     7.7836     4.3493     3.2378  0.118E-02  0.167E-02   0.00       0.00       1.00       1.00    
    10.0000     7.8004     4.3560     3.2433  0.118E-02  0.167E-02   0.00       0.00       1.00       1.00    
    10.0000     7.8079     4.3646     3.2456  0.118E-02  0.167E-02   0.00       0.00       1.00       1.00    
    10.0000     7.8392     4.3757     3.2560  0.862E-02  0.131E-01   0.00       0.00       1.00       1.00    
    10.0000     7.8838     4.3872     3.2709  0.862E-02  0.131E-01   0.00       0.00       1.00       1.00    
    10.0000     7.9291     4.3985     3.2859  0.855E-02  0.131E-01   0.00       0.00       1.00       1.00    
    10.0000     7.9755     4.4123     3.3013  0.847E-02  0.131E-01   0.00       0.00       1.00       1.00    
    10.0000     8.0226     4.4256     3.3174  0.847E-02  0.131E-01   0.00       0.00       1.00       1.00    
    10.0000     8.0698     4.4376     3.3340  0.833E-02  0.130E-01   0.00       0.00       1.00       1.00    
    10.0000     8.1163     4.4503     3.3504  0.826E-02  0.129E-01   0.00       0.00       1.00       1.00    
    10.0000     8.1623     4.4627     3.3666  0.813E-02  0.128E-01   0.00       0.00       1.00       1.00    
    10.0000     8.2075     4.4740     3.3826  0.806E-02  0.126E-01   0.00       0.00       1.00       1.00    
    10.0000     8.2554     4.4930     3.3996  0.474E-02  0.746E-02   0.00       0.00       1.00       1.00    
    10.0000     8.3067     4.5193     3.4179  0.472E-02  0.741E-02   0.00       0.00       1.00       1.00    
    10.0000     8.3562     4.5445     3.4355  0.469E-02  0.741E-02   0.00       0.00       1.00       1.00    
    10.0000     8.4041     4.5694     3.4526  0.467E-02  0.735E-02   0.00       0.00       1.00       1.00    
    10.0000     8.4510     4.5931     3.4694  0.465E-02  0.735E-02   0.00       0.00       1.00       1.00    
    10.0000     8.4963     4.6156     3.4857  0.463E-02  0.730E-02   0.00       0.00       1.00       1.00    
    10.0000     8.5402     4.6372     3.5009  0.461E-02  0.730E-02   0.00       0.00       1.00       1.00    
    10.0000     8.5830     4.6577     3.5155  0.459E-02  0.725E-02   0.00       0.00       1.00       1.00    
    10.0000     8.6240     4.6779     3.5295  0.455E-02  0.725E-02   0.00       0.00       1.00       1.00    
    10.0000     8.6638     4.6970     3.5432  0.452E-02  0.719E-02   0.00       0.00       1.00       1.00    
    10.0000     8.7028     4.7156     3.5566  0.450E-02  0.714E-02   0.00       0.00       1.00       1.00    
    10.0000     8.7404     4.7335     3.5696  0.448E-02  0.714E-02   0.00       0.00       1.00       1.00    
    10.0000     8.7766     4.7508     3.5821  0.446E-02  0.709E-02   0.00       0.00       1.00       1.00    
    10.0000     8.8122     4.7677     3.5945  0.442E-02  0.704E-02   0.00       0.00       1.00       1.00    
    10.0000     8.8465     4.7840     3.6064  0.441E-02  0.704E-02   0.00       0.00       1.00       1.00    
    10.0000     8.8800     4.7995     3.6181  0.439E-02  0.699E-02   0.00       0.00       1.00       1.00    
    10.0000     8.9127     4.8150     3.6296  0.435E-02  0.694E-02   0.00       0.00       1.00       1.00    
    10.0000     8.9444     4.8296     3.6407  0.433E-02  0.690E-02   0.00       0.00       1.00       1.00    
    10.0000     8.9754     4.8442     3.6516  0.431E-02  0.690E-02   0.00       0.00       1.00       1.00    
    10.0000     9.0119     4.8615     3.6648  0.427E-02  0.685E-02   0.00       0.00       1.00       1.00    
    10.0000     9.3769     5.0911     3.8108  0.388E-02  0.613E-02   0.00       0.00       1.00       1.00    
    10.0000     9.4105     5.1123     3.8242  0.388E-02  0.613E-02   0.00       0.00       1.00       1.00    
    10.0000     9.4438     5.1336     3.8375  0.386E-02  0.610E-02   0.00       0.00       1.00       1.00    
    10.0000     9.4777     5.1546     3.8511  0.386E-02  0.610E-02   0.00       0.00       1.00       1.00    
    10.0000     9.5112     5.1758     3.8643  0.385E-02  0.606E-02   0.00       0.00       1.00       1.00    
    10.0000     9.5449     5.1970     3.8771  0.385E-02  0.606E-02   0.00       0.00       1.00       1.00    
    10.0000     9.5785     5.2181     3.8898  0.383E-02  0.606E-02   0.00       0.00       1.00       1.00    
    10.0000     9.6119     5.2394     3.9025  0.383E-02  0.602E-02   0.00       0.00       1.00       1.00    
    10.0000     9.6458     5.2604     3.9154  0.383E-02  0.602E-02   0.00       0.00       1.00       1.00    
    10.0000     9.6794     5.2816     3.9282  0.382E-02  0.599E-02   0.00       0.00       1.00       1.00    
    10.0000     9.7130     5.3029     3.9409  0.382E-02  0.599E-02   0.00       0.00       1.00       1.00    
    10.0000     9.7466     5.3242     3.9537  0.380E-02  0.599E-02   0.00       0.00       1.00       1.00    
    10.0000     9.7799     5.3454     3.9664  0.380E-02  0.595E-02   0.00       0.00       1.00       1.00    
    10.0000     9.8137     5.3669     3.9792  0.380E-02  0.595E-02   0.00       0.00       1.00       1.00    
    10.0000     9.8473     5.3883     3.9920  0.379E-02  0.592E-02   0.00       0.00       1.00       1.00    
    10.0000     9.8808     5.4094     4.0047  0.379E-02  0.592E-02   0.00       0.00       1.00       1.00    
     0.0000     9.9144     5.4306     4.0175  0.377E-02  0.592E-02   0.00       0.00       1.00       1.00    
