MODEL.01
 
ISOTROPIC
KGS
SPHERICAL EARTH
1-D
CONSTANT VELOCITY
LINE08
LINE09
LINE10
LINE11
      H(KM)   VP(KM/S)   VS(KM/S) RHO(GM/CC)     QP         QS       ETAP       ETAS      FREFP      FREFS    
     2.0000     6.1060     3.4059     2.7233  0.118E-02  0.167E-02   0.00       0.00       1.00       1.00    
     2.0000     6.1144     3.4104     2.7256  0.118E-02  0.167E-02   0.00       0.00       1.00       1.00    
     2.0000     6.1299     3.4191     2.7301  0.118E-02  0.167E-02   0.00       0.00       1.00       1.00    
     2.0000     6.1552     3.4332     2.7374  0.118E-02  0.167E-02   0.00       0.00       1.00       1.00    
     2.0000     6.1924     3.4539     2.7482  0.118E-02  0.167E-02   0.00       0.00       1.00       1.00    
     2.0000     6.2422     3.4817     2.7626  0.118E-02  0.167E-02   0.00       0.00       1.00       1.00    
     2.0000     6.3044     3.5165     2.7804  0.118E-02  0.167E-02   0.00       0.00       1.00       1.00    
     2.0000     6.3775     3.5571     2.8009  0.118E-02  0.167E-02   0.00       0.00       1.00       1.00    
     2.0000     6.4592     3.6028     2.8234  0.118E-02  0.167E-02   0.00       0.00       1.00       1.00    
     2.0000     6.5472     3.6519     2.8473  0.118E-02  0.167E-02   0.00       0.00       1.00       1.00    
     2.0000     6.6898     3.7314     2.8805  0.118E-02  0.167E-02   0.00       0.00       1.00       1.00    
     2.0000     6.8332     3.8115     2.9131  0.118E-02  0.167E-02   0.00       0.00       1.00       1.00    
     2.0000     6.9736     3.8897     2.9446  0.118E-02  0.167E-02   0.00       0.00       1.00       1.00    
     2.0000     7.1072     3.9642     2.9744  0.118E-02  0.167E-02   0.00       0.00       1.00       1.00    
     2.0000     7.2312     4.0333     3.0072  0.118E-02  0.167E-02   0.00       0.00       1.00       1.00    
     2.0000     7.3429     4.0957     3.0380  0.118E-02  0.167E-02   0.00       0.00       1.00       1.00    
     2.0000     7.4409     4.1502     3.0656  0.118E-02  0.167E-02   0.00       0.00       1.00       1.00    
     2.0000     7.5241     4.1967     3.0899  0.118E-02  0.167E-02   0.00       0.00       1.00       1.00    
     2.0000     7.5921     4.2348     3.1108  0.118E-02  0.167E-02   0.00       0.00       1.00       1.00    
     2.0000     7.6454     4.2644     3.1287  0.118E-02  0.167E-02   0.00       0.00       1.00       1.00    
     2.0000     7.6847     4.2864     3.1442  0.118E-02  0.167E-02   0.00       0.00       1.00       1.00    
     2.0000     7.7112     4.3011     3.1580  0.118E-02  0.167E-02   0.00       0.00       1.00       1.00    
     2.0000     7.7266     4.3096     3.1697  0.118E-02  0.167E-02   0.00       0.00       1.00       1.00    
     2.0000     7.7327     4.3131     3.1801  0.118E-02  0.167E-02   0.00       0.00       1.00       1.00    
     2.0000     7.7317     4.3126     3.1895  0.118E-02  0.167E-02   0.00       0.00       1.00       1.00    
     5.0000     7.7270     4.3100     3.1968  0.118E-02  0.167E-02   0.00       0.00       1.00       1.00    
     5.0000     7.7233     4.3086     3.2041  0.118E-02  0.167E-02   0.00       0.00       1.00       1.00    
     5.0000     7.7278     4.3121     3.2124  0.118E-02  0.167E-02   0.00       0.00       1.00       1.00    
     5.0000     7.7421     4.3209     3.2218  0.118E-02  0.167E-02   0.00       0.00       1.00       1.00    
     5.0000     7.7630     4.3334     3.2313  0.118E-02  0.167E-02   0.00       0.00       1.00       1.00    
     5.0000     7.7978     4.3448     3.2440  0.118E-02  0.167E-02   0.00       0.00       1.00       1.00    
     5.0000     7.8033     4.3577     3.2459  0.118E-02  0.167E-02   0.00       0.00       1.00       1.00    
     5.0000     7.8144     4.3647     3.2494  0.118E-02  0.167E-02   0.00       0.00       1.00       1.00    
     5.0000     7.8183     4.3659     3.2507  0.118E-02  0.167E-02   0.00       0.00       1.00       1.00    
     5.0000     7.8229     4.3712     3.2520  0.118E-02  0.167E-02   0.00       0.00       1.00       1.00    
    10.0000     7.8350     4.3755     3.2559  0.118E-02  0.167E-02   0.00       0.00       1.00       1.00    
    10.0000     7.8358     4.3802     3.2558  0.118E-02  0.167E-02   0.00       0.00       1.00       1.00    
    10.0000     7.8595     4.3871     3.2635  0.862E-02  0.131E-01   0.00       0.00       1.00       1.00    
    10.0000     7.8950     4.3934     3.2750  0.862E-02  0.131E-01   0.00       0.00       1.00       1.00    
    10.0000     7.9305     4.3993     3.2866  0.855E-02  0.131E-01   0.00       0.00       1.00       1.00    
    10.0000     7.9668     4.4075     3.2984  0.847E-02  0.131E-01   0.00       0.00       1.00       1.00    
    10.0000     8.0039     4.4152     3.3104  0.847E-02  0.131E-01   0.00       0.00       1.00       1.00    
    10.0000     8.0411     4.4219     3.3232  0.833E-02  0.130E-01   0.00       0.00       1.00       1.00    
    10.0000     8.0782     4.4295     3.3361  0.826E-02  0.129E-01   0.00       0.00       1.00       1.00    
    10.0000     8.1159     4.4371     3.3491  0.813E-02  0.128E-01   0.00       0.00       1.00       1.00    
    10.0000     8.1532     4.4444     3.3621  0.806E-02  0.126E-01   0.00       0.00       1.00       1.00    
    10.0000     8.1947     4.4600     3.3767  0.474E-02  0.746E-02   0.00       0.00       1.00       1.00    
    10.0000     8.2404     4.4834     3.3928  0.472E-02  0.741E-02   0.00       0.00       1.00       1.00    
    10.0000     8.2857     4.5064     3.4089  0.469E-02  0.741E-02   0.00       0.00       1.00       1.00    
    10.0000     8.3308     4.5294     3.4249  0.467E-02  0.735E-02   0.00       0.00       1.00       1.00    
    10.0000     8.3756     4.5522     3.4409  0.465E-02  0.735E-02   0.00       0.00       1.00       1.00    
    10.0000     8.4201     4.5744     3.4569  0.463E-02  0.730E-02   0.00       0.00       1.00       1.00    
    10.0000     8.4645     4.5962     3.4729  0.461E-02  0.730E-02   0.00       0.00       1.00       1.00    
    10.0000     8.5086     4.6174     3.4889  0.459E-02  0.725E-02   0.00       0.00       1.00       1.00    
    10.0000     8.5523     4.6390     3.5039  0.455E-02  0.725E-02   0.00       0.00       1.00       1.00    
    10.0000     8.5956     4.6599     3.5189  0.452E-02  0.719E-02   0.00       0.00       1.00       1.00    
    10.0000     8.6389     4.6810     3.5338  0.450E-02  0.714E-02   0.00       0.00       1.00       1.00    
    10.0000     8.6817     4.7018     3.5487  0.448E-02  0.714E-02   0.00       0.00       1.00       1.00    
    10.0000     8.7243     4.7225     3.5635  0.446E-02  0.709E-02   0.00       0.00       1.00       1.00    
    10.0000     8.7667     4.7430     3.5783  0.442E-02  0.704E-02   0.00       0.00       1.00       1.00    
    10.0000     8.8088     4.7636     3.5930  0.441E-02  0.704E-02   0.00       0.00       1.00       1.00    
    10.0000     8.8508     4.7837     3.6077  0.439E-02  0.699E-02   0.00       0.00       1.00       1.00    
    10.0000     8.8925     4.8041     3.6224  0.435E-02  0.694E-02   0.00       0.00       1.00       1.00    
    10.0000     8.9341     4.8240     3.6371  0.433E-02  0.690E-02   0.00       0.00       1.00       1.00    
    10.0000     8.9754     4.8442     3.6516  0.431E-02  0.690E-02   0.00       0.00       1.00       1.00    
    10.0000     9.0119     4.8615     3.6648  0.427E-02  0.685E-02   0.00       0.00       1.00       1.00    
    10.0000     9.3769     5.0911     3.8108  0.388E-02  0.613E-02   0.00       0.00       1.00       1.00    
    10.0000     9.4105     5.1123     3.8242  0.388E-02  0.613E-02   0.00       0.00       1.00       1.00    
    10.0000     9.4438     5.1336     3.8375  0.386E-02  0.610E-02   0.00       0.00       1.00       1.00    
    10.0000     9.4777     5.1546     3.8511  0.386E-02  0.610E-02   0.00       0.00       1.00       1.00    
    10.0000     9.5112     5.1758     3.8643  0.385E-02  0.606E-02   0.00       0.00       1.00       1.00    
    10.0000     9.5449     5.1970     3.8771  0.385E-02  0.606E-02   0.00       0.00       1.00       1.00    
    10.0000     9.5785     5.2181     3.8898  0.383E-02  0.606E-02   0.00       0.00       1.00       1.00    
    10.0000     9.6119     5.2394     3.9025  0.383E-02  0.602E-02   0.00       0.00       1.00       1.00    
    10.0000     9.6458     5.2604     3.9154  0.383E-02  0.602E-02   0.00       0.00       1.00       1.00    
    10.0000     9.6794     5.2816     3.9282  0.382E-02  0.599E-02   0.00       0.00       1.00       1.00    
    10.0000     9.7130     5.3029     3.9409  0.382E-02  0.599E-02   0.00       0.00       1.00       1.00    
    10.0000     9.7466     5.3242     3.9537  0.380E-02  0.599E-02   0.00       0.00       1.00       1.00    
    10.0000     9.7799     5.3454     3.9664  0.380E-02  0.595E-02   0.00       0.00       1.00       1.00    
    10.0000     9.8137     5.3669     3.9792  0.380E-02  0.595E-02   0.00       0.00       1.00       1.00    
    10.0000     9.8473     5.3883     3.9920  0.379E-02  0.592E-02   0.00       0.00       1.00       1.00    
    10.0000     9.8808     5.4094     4.0047  0.379E-02  0.592E-02   0.00       0.00       1.00       1.00    
     0.0000     9.9144     5.4306     4.0175  0.377E-02  0.592E-02   0.00       0.00       1.00       1.00    
