MODEL.01
 
ISOTROPIC
KGS
SPHERICAL EARTH
1-D
CONSTANT VELOCITY
LINE08
LINE09
LINE10
LINE11
      H(KM)   VP(KM/S)   VS(KM/S) RHO(GM/CC)     QP         QS       ETAP       ETAS      FREFP      FREFS    
     2.0000     6.0907     3.3975     2.7293  0.118E-02  0.167E-02   0.00       0.00       1.00       1.00    
     2.0000     6.1069     3.4062     2.7341  0.118E-02  0.167E-02   0.00       0.00       1.00       1.00    
     2.0000     6.1432     3.4267     2.7447  0.118E-02  0.167E-02   0.00       0.00       1.00       1.00    
     2.0000     6.1989     3.4577     2.7607  0.118E-02  0.167E-02   0.00       0.00       1.00       1.00    
     2.0000     6.2631     3.4931     2.7790  0.118E-02  0.167E-02   0.00       0.00       1.00       1.00    
     2.0000     6.3228     3.5268     2.7960  0.118E-02  0.167E-02   0.00       0.00       1.00       1.00    
     2.0000     6.3700     3.5532     2.8095  0.118E-02  0.167E-02   0.00       0.00       1.00       1.00    
     2.0000     6.4030     3.5716     2.8190  0.118E-02  0.167E-02   0.00       0.00       1.00       1.00    
     2.0000     6.4268     3.5845     2.8262  0.118E-02  0.167E-02   0.00       0.00       1.00       1.00    
     2.0000     6.4488     3.5971     2.8332  0.118E-02  0.167E-02   0.00       0.00       1.00       1.00    
     2.0000     6.4954     3.6227     2.8481  0.118E-02  0.167E-02   0.00       0.00       1.00       1.00    
     2.0000     6.5647     3.6617     2.8672  0.118E-02  0.167E-02   0.00       0.00       1.00       1.00    
     2.0000     6.6636     3.7168     2.8937  0.118E-02  0.167E-02   0.00       0.00       1.00       1.00    
     2.0000     6.7937     3.7894     2.9281  0.118E-02  0.167E-02   0.00       0.00       1.00       1.00    
     2.0000     6.9511     3.8770     2.9693  0.118E-02  0.167E-02   0.00       0.00       1.00       1.00    
     2.0000     7.1276     3.9756     3.0232  0.118E-02  0.167E-02   0.00       0.00       1.00       1.00    
     2.0000     7.3134     4.0793     3.0822  0.118E-02  0.167E-02   0.00       0.00       1.00       1.00    
     2.0000     7.4966     4.1814     3.1401  0.118E-02  0.167E-02   0.00       0.00       1.00       1.00    
     2.0000     7.6663     4.2762     3.1969  0.118E-02  0.167E-02   0.00       0.00       1.00       1.00    
     2.0000     7.8132     4.3579     3.2458  0.118E-02  0.167E-02   0.00       0.00       1.00       1.00    
     2.0000     7.9281     4.4222     3.2840  0.118E-02  0.167E-02   0.00       0.00       1.00       1.00    
     2.0000     8.0054     4.4653     3.3094  0.118E-02  0.167E-02   0.00       0.00       1.00       1.00    
     2.0000     8.0407     4.4848     3.3215  0.118E-02  0.167E-02   0.00       0.00       1.00       1.00    
     2.0000     8.0330     4.4806     3.3184  0.118E-02  0.167E-02   0.00       0.00       1.00       1.00    
     2.0000     7.9821     4.4522     3.3007  0.118E-02  0.167E-02   0.00       0.00       1.00       1.00    
     5.0000     7.9091     4.4115     3.2763  0.118E-02  0.167E-02   0.00       0.00       1.00       1.00    
     5.0000     7.8040     4.3534     3.2414  0.118E-02  0.167E-02   0.00       0.00       1.00       1.00    
     5.0000     7.7133     4.3039     3.2116  0.118E-02  0.167E-02   0.00       0.00       1.00       1.00    
     5.0000     7.6614     4.2757     3.1948  0.118E-02  0.167E-02   0.00       0.00       1.00       1.00    
     5.0000     7.6519     4.2713     3.1922  0.118E-02  0.167E-02   0.00       0.00       1.00       1.00    
     5.0000     7.6836     4.2810     3.2032  0.118E-02  0.167E-02   0.00       0.00       1.00       1.00    
     5.0000     7.7009     4.3002     3.2091  0.118E-02  0.167E-02   0.00       0.00       1.00       1.00    
     5.0000     7.7238     4.3139     3.2169  0.118E-02  0.167E-02   0.00       0.00       1.00       1.00    
     5.0000     7.7322     4.3178     3.2197  0.118E-02  0.167E-02   0.00       0.00       1.00       1.00    
     5.0000     7.7439     4.3271     3.2236  0.118E-02  0.167E-02   0.00       0.00       1.00       1.00    
    10.0000     7.7644     4.3360     3.2306  0.118E-02  0.167E-02   0.00       0.00       1.00       1.00    
    10.0000     7.7780     4.3480     3.2351  0.118E-02  0.167E-02   0.00       0.00       1.00       1.00    
    10.0000     7.8170     4.3634     3.2482  0.862E-02  0.131E-01   0.00       0.00       1.00       1.00    
    10.0000     7.8706     4.3799     3.2663  0.862E-02  0.131E-01   0.00       0.00       1.00       1.00    
    10.0000     7.9259     4.3966     3.2849  0.855E-02  0.131E-01   0.00       0.00       1.00       1.00    
    10.0000     7.9829     4.4165     3.3041  0.847E-02  0.131E-01   0.00       0.00       1.00       1.00    
    10.0000     8.0408     4.4358     3.3244  0.847E-02  0.131E-01   0.00       0.00       1.00       1.00    
    10.0000     8.0985     4.4535     3.3450  0.833E-02  0.130E-01   0.00       0.00       1.00       1.00    
    10.0000     8.1554     4.4716     3.3652  0.826E-02  0.129E-01   0.00       0.00       1.00       1.00    
    10.0000     8.2108     4.4893     3.3850  0.813E-02  0.128E-01   0.00       0.00       1.00       1.00    
    10.0000     8.2647     4.5052     3.4042  0.806E-02  0.126E-01   0.00       0.00       1.00       1.00    
    10.0000     8.3201     4.5281     3.4240  0.474E-02  0.746E-02   0.00       0.00       1.00       1.00    
    10.0000     8.3779     4.5578     3.4447  0.472E-02  0.741E-02   0.00       0.00       1.00       1.00    
    10.0000     8.4325     4.5859     3.4642  0.469E-02  0.741E-02   0.00       0.00       1.00       1.00    
    10.0000     8.4844     4.6129     3.4828  0.467E-02  0.735E-02   0.00       0.00       1.00       1.00    
    10.0000     8.5338     4.6380     3.5000  0.465E-02  0.735E-02   0.00       0.00       1.00       1.00    
    10.0000     8.5805     4.6614     3.5158  0.463E-02  0.730E-02   0.00       0.00       1.00       1.00    
    10.0000     8.6247     4.6829     3.5308  0.461E-02  0.730E-02   0.00       0.00       1.00       1.00    
    10.0000     8.6663     4.7031     3.5450  0.459E-02  0.725E-02   0.00       0.00       1.00       1.00    
    10.0000     8.7051     4.7218     3.5582  0.455E-02  0.725E-02   0.00       0.00       1.00       1.00    
    10.0000     8.7415     4.7390     3.5706  0.452E-02  0.719E-02   0.00       0.00       1.00       1.00    
    10.0000     8.7758     4.7551     3.5824  0.450E-02  0.714E-02   0.00       0.00       1.00       1.00    
    10.0000     8.8079     4.7699     3.5934  0.448E-02  0.714E-02   0.00       0.00       1.00       1.00    
    10.0000     8.8373     4.7836     3.6035  0.446E-02  0.709E-02   0.00       0.00       1.00       1.00    
    10.0000     8.8652     4.7964     3.6131  0.442E-02  0.704E-02   0.00       0.00       1.00       1.00    
    10.0000     8.8910     4.8080     3.6221  0.441E-02  0.704E-02   0.00       0.00       1.00       1.00    
    10.0000     8.9145     4.8181     3.6303  0.439E-02  0.699E-02   0.00       0.00       1.00       1.00    
    10.0000     8.9367     4.8279     3.6380  0.435E-02  0.694E-02   0.00       0.00       1.00       1.00    
    10.0000     8.9568     4.8362     3.6451  0.433E-02  0.690E-02   0.00       0.00       1.00       1.00    
    10.0000     8.9754     4.8442     3.6516  0.431E-02  0.690E-02   0.00       0.00       1.00       1.00    
    10.0000     9.0119     4.8615     3.6648  0.427E-02  0.685E-02   0.00       0.00       1.00       1.00    
    10.0000     9.3769     5.0911     3.8108  0.388E-02  0.613E-02   0.00       0.00       1.00       1.00    
    10.0000     9.4105     5.1123     3.8242  0.388E-02  0.613E-02   0.00       0.00       1.00       1.00    
    10.0000     9.4438     5.1336     3.8375  0.386E-02  0.610E-02   0.00       0.00       1.00       1.00    
    10.0000     9.4777     5.1546     3.8511  0.386E-02  0.610E-02   0.00       0.00       1.00       1.00    
    10.0000     9.5112     5.1758     3.8643  0.385E-02  0.606E-02   0.00       0.00       1.00       1.00    
    10.0000     9.5449     5.1970     3.8771  0.385E-02  0.606E-02   0.00       0.00       1.00       1.00    
    10.0000     9.5785     5.2181     3.8898  0.383E-02  0.606E-02   0.00       0.00       1.00       1.00    
    10.0000     9.6119     5.2394     3.9025  0.383E-02  0.602E-02   0.00       0.00       1.00       1.00    
    10.0000     9.6458     5.2604     3.9154  0.383E-02  0.602E-02   0.00       0.00       1.00       1.00    
    10.0000     9.6794     5.2816     3.9282  0.382E-02  0.599E-02   0.00       0.00       1.00       1.00    
    10.0000     9.7130     5.3029     3.9409  0.382E-02  0.599E-02   0.00       0.00       1.00       1.00    
    10.0000     9.7466     5.3242     3.9537  0.380E-02  0.599E-02   0.00       0.00       1.00       1.00    
    10.0000     9.7799     5.3454     3.9664  0.380E-02  0.595E-02   0.00       0.00       1.00       1.00    
    10.0000     9.8137     5.3669     3.9792  0.380E-02  0.595E-02   0.00       0.00       1.00       1.00    
    10.0000     9.8473     5.3883     3.9920  0.379E-02  0.592E-02   0.00       0.00       1.00       1.00    
    10.0000     9.8808     5.4094     4.0047  0.379E-02  0.592E-02   0.00       0.00       1.00       1.00    
     0.0000     9.9144     5.4306     4.0175  0.377E-02  0.592E-02   0.00       0.00       1.00       1.00    
