MODEL.01
 
ISOTROPIC
KGS
SPHERICAL EARTH
1-D
CONSTANT VELOCITY
LINE08
LINE09
LINE10
LINE11
      H(KM)   VP(KM/S)   VS(KM/S) RHO(GM/CC)     QP         QS       ETAP       ETAS      FREFP      FREFS    
     2.0000     6.1549     3.4333     2.7466  0.118E-02  0.167E-02   0.00       0.00       1.00       1.00    
     2.0000     6.1667     3.4395     2.7500  0.118E-02  0.167E-02   0.00       0.00       1.00       1.00    
     2.0000     6.1880     3.4517     2.7561  0.118E-02  0.167E-02   0.00       0.00       1.00       1.00    
     2.0000     6.2161     3.4672     2.7641  0.118E-02  0.167E-02   0.00       0.00       1.00       1.00    
     2.0000     6.2460     3.4838     2.7725  0.118E-02  0.167E-02   0.00       0.00       1.00       1.00    
     2.0000     6.2751     3.5001     2.7810  0.118E-02  0.167E-02   0.00       0.00       1.00       1.00    
     2.0000     6.3036     3.5162     2.7896  0.118E-02  0.167E-02   0.00       0.00       1.00       1.00    
     2.0000     6.3341     3.5329     2.7992  0.118E-02  0.167E-02   0.00       0.00       1.00       1.00    
     2.0000     6.3703     3.5531     2.8108  0.118E-02  0.167E-02   0.00       0.00       1.00       1.00    
     2.0000     6.4161     3.5787     2.8253  0.118E-02  0.167E-02   0.00       0.00       1.00       1.00    
     2.0000     6.5075     3.6295     2.8534  0.118E-02  0.167E-02   0.00       0.00       1.00       1.00    
     2.0000     6.6199     3.6925     2.8834  0.118E-02  0.167E-02   0.00       0.00       1.00       1.00    
     2.0000     6.7522     3.7663     2.9182  0.118E-02  0.167E-02   0.00       0.00       1.00       1.00    
     2.0000     6.9005     3.8487     2.9568  0.118E-02  0.167E-02   0.00       0.00       1.00       1.00    
     2.0000     7.0585     3.9370     3.0016  0.118E-02  0.167E-02   0.00       0.00       1.00       1.00    
     2.0000     7.2193     4.0267     3.0521  0.118E-02  0.167E-02   0.00       0.00       1.00       1.00    
     2.0000     7.3754     4.1138     3.1008  0.118E-02  0.167E-02   0.00       0.00       1.00       1.00    
     2.0000     7.5197     4.1943     3.1460  0.118E-02  0.167E-02   0.00       0.00       1.00       1.00    
     2.0000     7.6459     4.2648     3.1875  0.118E-02  0.167E-02   0.00       0.00       1.00       1.00    
     2.0000     7.7495     4.3225     3.2214  0.118E-02  0.167E-02   0.00       0.00       1.00       1.00    
     2.0000     7.8264     4.3655     3.2465  0.118E-02  0.167E-02   0.00       0.00       1.00       1.00    
     2.0000     7.8750     4.3925     3.2624  0.118E-02  0.167E-02   0.00       0.00       1.00       1.00    
     2.0000     7.8941     4.4030     3.2688  0.118E-02  0.167E-02   0.00       0.00       1.00       1.00    
     2.0000     7.8850     4.3981     3.2661  0.118E-02  0.167E-02   0.00       0.00       1.00       1.00    
     2.0000     7.8496     4.3784     3.2551  0.118E-02  0.167E-02   0.00       0.00       1.00       1.00    
     5.0000     7.8026     4.3520     3.2403  0.118E-02  0.167E-02   0.00       0.00       1.00       1.00    
     5.0000     7.7431     4.3195     3.2217  0.118E-02  0.167E-02   0.00       0.00       1.00       1.00    
     5.0000     7.6991     4.2961     3.2083  0.118E-02  0.167E-02   0.00       0.00       1.00       1.00    
     5.0000     7.6827     4.2877     3.2037  0.118E-02  0.167E-02   0.00       0.00       1.00       1.00    
     5.0000     7.6928     4.2943     3.2075  0.118E-02  0.167E-02   0.00       0.00       1.00       1.00    
     5.0000     7.7306     4.3073     3.2203  0.118E-02  0.167E-02   0.00       0.00       1.00       1.00    
     5.0000     7.7455     4.3252     3.2252  0.118E-02  0.167E-02   0.00       0.00       1.00       1.00    
     5.0000     7.7644     4.3367     3.2314  0.118E-02  0.167E-02   0.00       0.00       1.00       1.00    
     5.0000     7.7712     4.3396     3.2336  0.118E-02  0.167E-02   0.00       0.00       1.00       1.00    
     5.0000     7.7799     4.3472     3.2364  0.118E-02  0.167E-02   0.00       0.00       1.00       1.00    
    10.0000     7.7971     4.3542     3.2421  0.118E-02  0.167E-02   0.00       0.00       1.00       1.00    
    10.0000     7.8052     4.3631     3.2447  0.118E-02  0.167E-02   0.00       0.00       1.00       1.00    
    10.0000     7.8373     4.3746     3.2553  0.862E-02  0.131E-01   0.00       0.00       1.00       1.00    
    10.0000     7.8828     4.3866     3.2705  0.862E-02  0.131E-01   0.00       0.00       1.00       1.00    
    10.0000     7.9290     4.3985     3.2859  0.855E-02  0.131E-01   0.00       0.00       1.00       1.00    
    10.0000     7.9764     4.4128     3.3017  0.847E-02  0.131E-01   0.00       0.00       1.00       1.00    
    10.0000     8.0245     4.4267     3.3181  0.847E-02  0.131E-01   0.00       0.00       1.00       1.00    
    10.0000     8.0727     4.4392     3.3351  0.833E-02  0.130E-01   0.00       0.00       1.00       1.00    
    10.0000     8.1202     4.4524     3.3519  0.826E-02  0.129E-01   0.00       0.00       1.00       1.00    
    10.0000     8.1670     4.4653     3.3684  0.813E-02  0.128E-01   0.00       0.00       1.00       1.00    
    10.0000     8.2130     4.4770     3.3847  0.806E-02  0.126E-01   0.00       0.00       1.00       1.00    
    10.0000     8.2616     4.4964     3.4019  0.474E-02  0.746E-02   0.00       0.00       1.00       1.00    
    10.0000     8.3135     4.5230     3.4204  0.472E-02  0.741E-02   0.00       0.00       1.00       1.00    
    10.0000     8.3634     4.5484     3.4382  0.469E-02  0.741E-02   0.00       0.00       1.00       1.00    
    10.0000     8.4116     4.5735     3.4555  0.467E-02  0.735E-02   0.00       0.00       1.00       1.00    
    10.0000     8.4587     4.5973     3.4724  0.465E-02  0.735E-02   0.00       0.00       1.00       1.00    
    10.0000     8.5041     4.6198     3.4887  0.463E-02  0.730E-02   0.00       0.00       1.00       1.00    
    10.0000     8.5480     4.6414     3.5037  0.461E-02  0.730E-02   0.00       0.00       1.00       1.00    
    10.0000     8.5907     4.6619     3.5182  0.459E-02  0.725E-02   0.00       0.00       1.00       1.00    
    10.0000     8.6314     4.6819     3.5322  0.455E-02  0.725E-02   0.00       0.00       1.00       1.00    
    10.0000     8.6709     4.7008     3.5457  0.452E-02  0.719E-02   0.00       0.00       1.00       1.00    
    10.0000     8.7094     4.7192     3.5590  0.450E-02  0.714E-02   0.00       0.00       1.00       1.00    
    10.0000     8.7465     4.7368     3.5717  0.448E-02  0.714E-02   0.00       0.00       1.00       1.00    
    10.0000     8.7821     4.7538     3.5840  0.446E-02  0.709E-02   0.00       0.00       1.00       1.00    
    10.0000     8.8170     4.7703     3.5961  0.442E-02  0.704E-02   0.00       0.00       1.00       1.00    
    10.0000     8.8505     4.7861     3.6078  0.441E-02  0.704E-02   0.00       0.00       1.00       1.00    
    10.0000     8.8831     4.8012     3.6192  0.439E-02  0.699E-02   0.00       0.00       1.00       1.00    
    10.0000     8.9148     4.8161     3.6303  0.435E-02  0.694E-02   0.00       0.00       1.00       1.00    
    10.0000     8.9455     4.8302     3.6411  0.433E-02  0.690E-02   0.00       0.00       1.00       1.00    
    10.0000     8.9754     4.8442     3.6516  0.431E-02  0.690E-02   0.00       0.00       1.00       1.00    
    10.0000     9.0119     4.8615     3.6648  0.427E-02  0.685E-02   0.00       0.00       1.00       1.00    
    10.0000     9.3769     5.0911     3.8108  0.388E-02  0.613E-02   0.00       0.00       1.00       1.00    
    10.0000     9.4105     5.1123     3.8242  0.388E-02  0.613E-02   0.00       0.00       1.00       1.00    
    10.0000     9.4438     5.1336     3.8375  0.386E-02  0.610E-02   0.00       0.00       1.00       1.00    
    10.0000     9.4777     5.1546     3.8511  0.386E-02  0.610E-02   0.00       0.00       1.00       1.00    
    10.0000     9.5112     5.1758     3.8643  0.385E-02  0.606E-02   0.00       0.00       1.00       1.00    
    10.0000     9.5449     5.1970     3.8771  0.385E-02  0.606E-02   0.00       0.00       1.00       1.00    
    10.0000     9.5785     5.2181     3.8898  0.383E-02  0.606E-02   0.00       0.00       1.00       1.00    
    10.0000     9.6119     5.2394     3.9025  0.383E-02  0.602E-02   0.00       0.00       1.00       1.00    
    10.0000     9.6458     5.2604     3.9154  0.383E-02  0.602E-02   0.00       0.00       1.00       1.00    
    10.0000     9.6794     5.2816     3.9282  0.382E-02  0.599E-02   0.00       0.00       1.00       1.00    
    10.0000     9.7130     5.3029     3.9409  0.382E-02  0.599E-02   0.00       0.00       1.00       1.00    
    10.0000     9.7466     5.3242     3.9537  0.380E-02  0.599E-02   0.00       0.00       1.00       1.00    
    10.0000     9.7799     5.3454     3.9664  0.380E-02  0.595E-02   0.00       0.00       1.00       1.00    
    10.0000     9.8137     5.3669     3.9792  0.380E-02  0.595E-02   0.00       0.00       1.00       1.00    
    10.0000     9.8473     5.3883     3.9920  0.379E-02  0.592E-02   0.00       0.00       1.00       1.00    
    10.0000     9.8808     5.4094     4.0047  0.379E-02  0.592E-02   0.00       0.00       1.00       1.00    
     0.0000     9.9144     5.4306     4.0175  0.377E-02  0.592E-02   0.00       0.00       1.00       1.00    
