MODEL.01
 
ISOTROPIC
KGS
SPHERICAL EARTH
1-D
CONSTANT VELOCITY
LINE08
LINE09
LINE10
LINE11
      H(KM)   VP(KM/S)   VS(KM/S) RHO(GM/CC)     QP         QS       ETAP       ETAS      FREFP      FREFS    
     2.0000     6.1115     3.4091     2.7354  0.118E-02  0.167E-02   0.00       0.00       1.00       1.00    
     2.0000     6.1268     3.4173     2.7399  0.118E-02  0.167E-02   0.00       0.00       1.00       1.00    
     2.0000     6.1596     3.4359     2.7494  0.118E-02  0.167E-02   0.00       0.00       1.00       1.00    
     2.0000     6.2084     3.4630     2.7633  0.118E-02  0.167E-02   0.00       0.00       1.00       1.00    
     2.0000     6.2635     3.4934     2.7790  0.118E-02  0.167E-02   0.00       0.00       1.00       1.00    
     2.0000     6.3141     3.5219     2.7933  0.118E-02  0.167E-02   0.00       0.00       1.00       1.00    
     2.0000     6.3547     3.5447     2.8049  0.118E-02  0.167E-02   0.00       0.00       1.00       1.00    
     2.0000     6.3847     3.5613     2.8136  0.118E-02  0.167E-02   0.00       0.00       1.00       1.00    
     2.0000     6.4094     3.5749     2.8212  0.118E-02  0.167E-02   0.00       0.00       1.00       1.00    
     2.0000     6.4355     3.5896     2.8295  0.118E-02  0.167E-02   0.00       0.00       1.00       1.00    
     2.0000     6.4914     3.6205     2.8472  0.118E-02  0.167E-02   0.00       0.00       1.00       1.00    
     2.0000     6.5706     3.6650     2.8691  0.118E-02  0.167E-02   0.00       0.00       1.00       1.00    
     2.0000     6.6784     3.7251     2.8978  0.118E-02  0.167E-02   0.00       0.00       1.00       1.00    
     2.0000     6.8146     3.8010     2.9337  0.118E-02  0.167E-02   0.00       0.00       1.00       1.00    
     2.0000     6.9744     3.8901     2.9754  0.118E-02  0.167E-02   0.00       0.00       1.00       1.00    
     2.0000     7.1499     3.9880     3.0303  0.118E-02  0.167E-02   0.00       0.00       1.00       1.00    
     2.0000     7.3312     4.0892     3.0878  0.118E-02  0.167E-02   0.00       0.00       1.00       1.00    
     2.0000     7.5075     4.1875     3.1436  0.118E-02  0.167E-02   0.00       0.00       1.00       1.00    
     2.0000     7.6688     4.2776     3.1974  0.118E-02  0.167E-02   0.00       0.00       1.00       1.00    
     2.0000     7.8066     4.3543     3.2432  0.118E-02  0.167E-02   0.00       0.00       1.00       1.00    
     2.0000     7.9130     4.4138     3.2784  0.118E-02  0.167E-02   0.00       0.00       1.00       1.00    
     2.0000     7.9831     4.4529     3.3014  0.118E-02  0.167E-02   0.00       0.00       1.00       1.00    
     2.0000     8.0135     4.4696     3.3113  0.118E-02  0.167E-02   0.00       0.00       1.00       1.00    
     2.0000     8.0035     4.4642     3.3077  0.118E-02  0.167E-02   0.00       0.00       1.00       1.00    
     2.0000     7.9535     4.4363     3.2909  0.118E-02  0.167E-02   0.00       0.00       1.00       1.00    
     5.0000     7.8841     4.3976     3.2677  0.118E-02  0.167E-02   0.00       0.00       1.00       1.00    
     5.0000     7.7872     4.3440     3.2358  0.118E-02  0.167E-02   0.00       0.00       1.00       1.00    
     5.0000     7.7058     4.2997     3.2093  0.118E-02  0.167E-02   0.00       0.00       1.00       1.00    
     5.0000     7.6617     4.2759     3.1951  0.118E-02  0.167E-02   0.00       0.00       1.00       1.00    
     5.0000     7.6571     4.2743     3.1942  0.118E-02  0.167E-02   0.00       0.00       1.00       1.00    
     5.0000     7.6910     4.2852     3.2059  0.118E-02  0.167E-02   0.00       0.00       1.00       1.00    
     5.0000     7.7086     4.3045     3.2119  0.118E-02  0.167E-02   0.00       0.00       1.00       1.00    
     5.0000     7.7311     4.3180     3.2195  0.118E-02  0.167E-02   0.00       0.00       1.00       1.00    
     5.0000     7.7394     4.3218     3.2223  0.118E-02  0.167E-02   0.00       0.00       1.00       1.00    
     5.0000     7.7505     4.3308     3.2260  0.118E-02  0.167E-02   0.00       0.00       1.00       1.00    
    10.0000     7.7705     4.3394     3.2327  0.118E-02  0.167E-02   0.00       0.00       1.00       1.00    
    10.0000     7.7832     4.3509     3.2369  0.118E-02  0.167E-02   0.00       0.00       1.00       1.00    
    10.0000     7.8210     4.3656     3.2496  0.862E-02  0.131E-01   0.00       0.00       1.00       1.00    
    10.0000     7.8732     4.3814     3.2672  0.862E-02  0.131E-01   0.00       0.00       1.00       1.00    
    10.0000     7.9268     4.3972     3.2852  0.855E-02  0.131E-01   0.00       0.00       1.00       1.00    
    10.0000     7.9821     4.4160     3.3038  0.847E-02  0.131E-01   0.00       0.00       1.00       1.00    
    10.0000     8.0382     4.4343     3.3234  0.847E-02  0.131E-01   0.00       0.00       1.00       1.00    
    10.0000     8.0941     4.4510     3.3433  0.833E-02  0.130E-01   0.00       0.00       1.00       1.00    
    10.0000     8.1493     4.4682     3.3629  0.826E-02  0.129E-01   0.00       0.00       1.00       1.00    
    10.0000     8.2030     4.4850     3.3820  0.813E-02  0.128E-01   0.00       0.00       1.00       1.00    
    10.0000     8.2554     4.5001     3.4007  0.806E-02  0.126E-01   0.00       0.00       1.00       1.00    
    10.0000     8.3095     4.5224     3.4200  0.474E-02  0.746E-02   0.00       0.00       1.00       1.00    
    10.0000     8.3661     4.5515     3.4402  0.472E-02  0.741E-02   0.00       0.00       1.00       1.00    
    10.0000     8.4198     4.5790     3.4595  0.469E-02  0.741E-02   0.00       0.00       1.00       1.00    
    10.0000     8.4709     4.6057     3.4778  0.467E-02  0.735E-02   0.00       0.00       1.00       1.00    
    10.0000     8.5198     4.6305     3.4950  0.465E-02  0.735E-02   0.00       0.00       1.00       1.00    
    10.0000     8.5662     4.6536     3.5108  0.463E-02  0.730E-02   0.00       0.00       1.00       1.00    
    10.0000     8.6103     4.6751     3.5257  0.461E-02  0.730E-02   0.00       0.00       1.00       1.00    
    10.0000     8.6520     4.6953     3.5399  0.459E-02  0.725E-02   0.00       0.00       1.00       1.00    
    10.0000     8.6911     4.7143     3.5533  0.455E-02  0.725E-02   0.00       0.00       1.00       1.00    
    10.0000     8.7281     4.7318     3.5659  0.452E-02  0.719E-02   0.00       0.00       1.00       1.00    
    10.0000     8.7631     4.7482     3.5779  0.450E-02  0.714E-02   0.00       0.00       1.00       1.00    
    10.0000     8.7961     4.7635     3.5892  0.448E-02  0.714E-02   0.00       0.00       1.00       1.00    
    10.0000     8.8267     4.7778     3.5998  0.446E-02  0.709E-02   0.00       0.00       1.00       1.00    
    10.0000     8.8559     4.7914     3.6099  0.442E-02  0.704E-02   0.00       0.00       1.00       1.00    
    10.0000     8.8832     4.8037     3.6193  0.441E-02  0.704E-02   0.00       0.00       1.00       1.00    
    10.0000     8.9084     4.8148     3.6281  0.439E-02  0.699E-02   0.00       0.00       1.00       1.00    
    10.0000     8.9324     4.8256     3.6365  0.435E-02  0.694E-02   0.00       0.00       1.00       1.00    
    10.0000     8.9546     4.8350     3.6443  0.433E-02  0.690E-02   0.00       0.00       1.00       1.00    
    10.0000     8.9754     4.8442     3.6516  0.431E-02  0.690E-02   0.00       0.00       1.00       1.00    
    10.0000     9.0119     4.8615     3.6648  0.427E-02  0.685E-02   0.00       0.00       1.00       1.00    
    10.0000     9.3769     5.0911     3.8108  0.388E-02  0.613E-02   0.00       0.00       1.00       1.00    
    10.0000     9.4105     5.1123     3.8242  0.388E-02  0.613E-02   0.00       0.00       1.00       1.00    
    10.0000     9.4438     5.1336     3.8375  0.386E-02  0.610E-02   0.00       0.00       1.00       1.00    
    10.0000     9.4777     5.1546     3.8511  0.386E-02  0.610E-02   0.00       0.00       1.00       1.00    
    10.0000     9.5112     5.1758     3.8643  0.385E-02  0.606E-02   0.00       0.00       1.00       1.00    
    10.0000     9.5449     5.1970     3.8771  0.385E-02  0.606E-02   0.00       0.00       1.00       1.00    
    10.0000     9.5785     5.2181     3.8898  0.383E-02  0.606E-02   0.00       0.00       1.00       1.00    
    10.0000     9.6119     5.2394     3.9025  0.383E-02  0.602E-02   0.00       0.00       1.00       1.00    
    10.0000     9.6458     5.2604     3.9154  0.383E-02  0.602E-02   0.00       0.00       1.00       1.00    
    10.0000     9.6794     5.2816     3.9282  0.382E-02  0.599E-02   0.00       0.00       1.00       1.00    
    10.0000     9.7130     5.3029     3.9409  0.382E-02  0.599E-02   0.00       0.00       1.00       1.00    
    10.0000     9.7466     5.3242     3.9537  0.380E-02  0.599E-02   0.00       0.00       1.00       1.00    
    10.0000     9.7799     5.3454     3.9664  0.380E-02  0.595E-02   0.00       0.00       1.00       1.00    
    10.0000     9.8137     5.3669     3.9792  0.380E-02  0.595E-02   0.00       0.00       1.00       1.00    
    10.0000     9.8473     5.3883     3.9920  0.379E-02  0.592E-02   0.00       0.00       1.00       1.00    
    10.0000     9.8808     5.4094     4.0047  0.379E-02  0.592E-02   0.00       0.00       1.00       1.00    
     0.0000     9.9144     5.4306     4.0175  0.377E-02  0.592E-02   0.00       0.00       1.00       1.00    
