MODEL.01
 
ISOTROPIC
KGS
SPHERICAL EARTH
1-D
CONSTANT VELOCITY
LINE08
LINE09
LINE10
LINE11
      H(KM)   VP(KM/S)   VS(KM/S) RHO(GM/CC)     QP         QS       ETAP       ETAS      FREFP      FREFS    
     2.0000     6.0760     3.3892     2.7250  0.118E-02  0.167E-02   0.00       0.00       1.00       1.00    
     2.0000     6.0928     3.3983     2.7300  0.118E-02  0.167E-02   0.00       0.00       1.00       1.00    
     2.0000     6.1312     3.4200     2.7412  0.118E-02  0.167E-02   0.00       0.00       1.00       1.00    
     2.0000     6.1916     3.4536     2.7586  0.118E-02  0.167E-02   0.00       0.00       1.00       1.00    
     2.0000     6.2621     3.4926     2.7788  0.118E-02  0.167E-02   0.00       0.00       1.00       1.00    
     2.0000     6.3281     3.5297     2.7976  0.118E-02  0.167E-02   0.00       0.00       1.00       1.00    
     2.0000     6.3801     3.5588     2.8125  0.118E-02  0.167E-02   0.00       0.00       1.00       1.00    
     2.0000     6.4155     3.5786     2.8228  0.118E-02  0.167E-02   0.00       0.00       1.00       1.00    
     2.0000     6.4391     3.5914     2.8299  0.118E-02  0.167E-02   0.00       0.00       1.00       1.00    
     2.0000     6.4588     3.6026     2.8361  0.118E-02  0.167E-02   0.00       0.00       1.00       1.00    
     2.0000     6.4995     3.6250     2.8492  0.118E-02  0.167E-02   0.00       0.00       1.00       1.00    
     2.0000     6.5622     3.6603     2.8665  0.118E-02  0.167E-02   0.00       0.00       1.00       1.00    
     2.0000     6.6551     3.7121     2.8914  0.118E-02  0.167E-02   0.00       0.00       1.00       1.00    
     2.0000     6.7809     3.7823     2.9247  0.118E-02  0.167E-02   0.00       0.00       1.00       1.00    
     2.0000     6.9362     3.8687     2.9653  0.118E-02  0.167E-02   0.00       0.00       1.00       1.00    
     2.0000     7.1128     3.9674     3.0185  0.118E-02  0.167E-02   0.00       0.00       1.00       1.00    
     2.0000     7.3011     4.0724     3.0783  0.118E-02  0.167E-02   0.00       0.00       1.00       1.00    
     2.0000     7.4884     4.1769     3.1376  0.118E-02  0.167E-02   0.00       0.00       1.00       1.00    
     2.0000     7.6633     4.2745     3.1961  0.118E-02  0.167E-02   0.00       0.00       1.00       1.00    
     2.0000     7.8159     4.3594     3.2470  0.118E-02  0.167E-02   0.00       0.00       1.00       1.00    
     2.0000     7.9363     4.4268     3.2870  0.118E-02  0.167E-02   0.00       0.00       1.00       1.00    
     2.0000     8.0184     4.4725     3.3144  0.118E-02  0.167E-02   0.00       0.00       1.00       1.00    
     2.0000     8.0572     4.4940     3.3277  0.118E-02  0.167E-02   0.00       0.00       1.00       1.00    
     2.0000     8.0514     4.4909     3.3252  0.118E-02  0.167E-02   0.00       0.00       1.00       1.00    
     2.0000     8.0004     4.4624     3.3070  0.118E-02  0.167E-02   0.00       0.00       1.00       1.00    
     5.0000     7.9256     4.4207     3.2819  0.118E-02  0.167E-02   0.00       0.00       1.00       1.00    
     5.0000     7.8156     4.3598     3.2453  0.118E-02  0.167E-02   0.00       0.00       1.00       1.00    
     5.0000     7.7190     4.3071     3.2135  0.118E-02  0.167E-02   0.00       0.00       1.00       1.00    
     5.0000     7.6622     4.2762     3.1950  0.118E-02  0.167E-02   0.00       0.00       1.00       1.00    
     5.0000     7.6493     4.2698     3.1912  0.118E-02  0.167E-02   0.00       0.00       1.00       1.00    
     5.0000     7.6794     4.2787     3.2017  0.118E-02  0.167E-02   0.00       0.00       1.00       1.00    
     5.0000     7.6964     4.2977     3.2075  0.118E-02  0.167E-02   0.00       0.00       1.00       1.00    
     5.0000     7.7195     4.3114     3.2153  0.118E-02  0.167E-02   0.00       0.00       1.00       1.00    
     5.0000     7.7279     4.3154     3.2182  0.118E-02  0.167E-02   0.00       0.00       1.00       1.00    
     5.0000     7.7398     4.3248     3.2222  0.118E-02  0.167E-02   0.00       0.00       1.00       1.00    
    10.0000     7.7607     4.3339     3.2292  0.118E-02  0.167E-02   0.00       0.00       1.00       1.00    
    10.0000     7.7748     4.3462     3.2340  0.118E-02  0.167E-02   0.00       0.00       1.00       1.00    
    10.0000     7.8145     4.3620     3.2473  0.862E-02  0.131E-01   0.00       0.00       1.00       1.00    
    10.0000     7.8690     4.3790     3.2657  0.862E-02  0.131E-01   0.00       0.00       1.00       1.00    
    10.0000     7.9253     4.3962     3.2847  0.855E-02  0.131E-01   0.00       0.00       1.00       1.00    
    10.0000     7.9833     4.4167     3.3043  0.847E-02  0.131E-01   0.00       0.00       1.00       1.00    
    10.0000     8.0423     4.4366     3.3250  0.847E-02  0.131E-01   0.00       0.00       1.00       1.00    
    10.0000     8.1011     4.4549     3.3459  0.833E-02  0.130E-01   0.00       0.00       1.00       1.00    
    10.0000     8.1591     4.4736     3.3666  0.826E-02  0.129E-01   0.00       0.00       1.00       1.00    
    10.0000     8.2155     4.4918     3.3868  0.813E-02  0.128E-01   0.00       0.00       1.00       1.00    
    10.0000     8.2702     4.5082     3.4063  0.806E-02  0.126E-01   0.00       0.00       1.00       1.00    
    10.0000     8.3265     4.5316     3.4264  0.474E-02  0.746E-02   0.00       0.00       1.00       1.00    
    10.0000     8.3850     4.5617     3.4473  0.472E-02  0.741E-02   0.00       0.00       1.00       1.00    
    10.0000     8.4402     4.5901     3.4671  0.469E-02  0.741E-02   0.00       0.00       1.00       1.00    
    10.0000     8.4925     4.6174     3.4859  0.467E-02  0.735E-02   0.00       0.00       1.00       1.00    
    10.0000     8.5423     4.6426     3.5030  0.465E-02  0.735E-02   0.00       0.00       1.00       1.00    
    10.0000     8.5892     4.6661     3.5189  0.463E-02  0.730E-02   0.00       0.00       1.00       1.00    
    10.0000     8.6335     4.6876     3.5339  0.461E-02  0.730E-02   0.00       0.00       1.00       1.00    
    10.0000     8.6750     4.7078     3.5480  0.459E-02  0.725E-02   0.00       0.00       1.00       1.00    
    10.0000     8.7136     4.7265     3.5612  0.455E-02  0.725E-02   0.00       0.00       1.00       1.00    
    10.0000     8.7498     4.7435     3.5735  0.452E-02  0.719E-02   0.00       0.00       1.00       1.00    
    10.0000     8.7836     4.7593     3.5851  0.450E-02  0.714E-02   0.00       0.00       1.00       1.00    
    10.0000     8.8152     4.7738     3.5959  0.448E-02  0.714E-02   0.00       0.00       1.00       1.00    
    10.0000     8.8438     4.7871     3.6058  0.446E-02  0.709E-02   0.00       0.00       1.00       1.00    
    10.0000     8.8709     4.7995     3.6152  0.442E-02  0.704E-02   0.00       0.00       1.00       1.00    
    10.0000     8.8958     4.8106     3.6238  0.441E-02  0.704E-02   0.00       0.00       1.00       1.00    
    10.0000     8.9183     4.8201     3.6316  0.439E-02  0.699E-02   0.00       0.00       1.00       1.00    
    10.0000     8.9393     4.8293     3.6389  0.435E-02  0.694E-02   0.00       0.00       1.00       1.00    
    10.0000     8.9582     4.8370     3.6456  0.433E-02  0.690E-02   0.00       0.00       1.00       1.00    
    10.0000     8.9754     4.8442     3.6516  0.431E-02  0.690E-02   0.00       0.00       1.00       1.00    
    10.0000     9.0119     4.8615     3.6648  0.427E-02  0.685E-02   0.00       0.00       1.00       1.00    
    10.0000     9.3769     5.0911     3.8108  0.388E-02  0.613E-02   0.00       0.00       1.00       1.00    
    10.0000     9.4105     5.1123     3.8242  0.388E-02  0.613E-02   0.00       0.00       1.00       1.00    
    10.0000     9.4438     5.1336     3.8375  0.386E-02  0.610E-02   0.00       0.00       1.00       1.00    
    10.0000     9.4777     5.1546     3.8511  0.386E-02  0.610E-02   0.00       0.00       1.00       1.00    
    10.0000     9.5112     5.1758     3.8643  0.385E-02  0.606E-02   0.00       0.00       1.00       1.00    
    10.0000     9.5449     5.1970     3.8771  0.385E-02  0.606E-02   0.00       0.00       1.00       1.00    
    10.0000     9.5785     5.2181     3.8898  0.383E-02  0.606E-02   0.00       0.00       1.00       1.00    
    10.0000     9.6119     5.2394     3.9025  0.383E-02  0.602E-02   0.00       0.00       1.00       1.00    
    10.0000     9.6458     5.2604     3.9154  0.383E-02  0.602E-02   0.00       0.00       1.00       1.00    
    10.0000     9.6794     5.2816     3.9282  0.382E-02  0.599E-02   0.00       0.00       1.00       1.00    
    10.0000     9.7130     5.3029     3.9409  0.382E-02  0.599E-02   0.00       0.00       1.00       1.00    
    10.0000     9.7466     5.3242     3.9537  0.380E-02  0.599E-02   0.00       0.00       1.00       1.00    
    10.0000     9.7799     5.3454     3.9664  0.380E-02  0.595E-02   0.00       0.00       1.00       1.00    
    10.0000     9.8137     5.3669     3.9792  0.380E-02  0.595E-02   0.00       0.00       1.00       1.00    
    10.0000     9.8473     5.3883     3.9920  0.379E-02  0.592E-02   0.00       0.00       1.00       1.00    
    10.0000     9.8808     5.4094     4.0047  0.379E-02  0.592E-02   0.00       0.00       1.00       1.00    
     0.0000     9.9144     5.4306     4.0175  0.377E-02  0.592E-02   0.00       0.00       1.00       1.00    
