MODEL.01
 
ISOTROPIC
KGS
SPHERICAL EARTH
1-D
CONSTANT VELOCITY
LINE08
LINE09
LINE10
LINE11
      H(KM)   VP(KM/S)   VS(KM/S) RHO(GM/CC)     QP         QS       ETAP       ETAS      FREFP      FREFS    
     2.0000     6.1400     3.4250     2.7433  0.118E-02  0.167E-02   0.00       0.00       1.00       1.00    
     2.0000     6.1536     3.4322     2.7473  0.118E-02  0.167E-02   0.00       0.00       1.00       1.00    
     2.0000     6.1806     3.4476     2.7550  0.118E-02  0.167E-02   0.00       0.00       1.00       1.00    
     2.0000     6.2185     3.4685     2.7658  0.118E-02  0.167E-02   0.00       0.00       1.00       1.00    
     2.0000     6.2593     3.4911     2.7773  0.118E-02  0.167E-02   0.00       0.00       1.00       1.00    
     2.0000     6.2969     3.5123     2.7879  0.118E-02  0.167E-02   0.00       0.00       1.00       1.00    
     2.0000     6.3288     3.5302     2.7971  0.118E-02  0.167E-02   0.00       0.00       1.00       1.00    
     2.0000     6.3566     3.5455     2.8054  0.118E-02  0.167E-02   0.00       0.00       1.00       1.00    
     2.0000     6.3850     3.5613     2.8143  0.118E-02  0.167E-02   0.00       0.00       1.00       1.00    
     2.0000     6.4195     3.5807     2.8253  0.118E-02  0.167E-02   0.00       0.00       1.00       1.00    
     2.0000     6.4922     3.6209     2.8482  0.118E-02  0.167E-02   0.00       0.00       1.00       1.00    
     2.0000     6.5884     3.6749     2.8743  0.118E-02  0.167E-02   0.00       0.00       1.00       1.00    
     2.0000     6.7097     3.7426     2.9065  0.118E-02  0.167E-02   0.00       0.00       1.00       1.00    
     2.0000     6.8540     3.8229     2.9443  0.118E-02  0.167E-02   0.00       0.00       1.00       1.00    
     2.0000     7.0154     3.9130     2.9876  0.118E-02  0.167E-02   0.00       0.00       1.00       1.00    
     2.0000     7.1862     4.0082     3.0418  0.118E-02  0.167E-02   0.00       0.00       1.00       1.00    
     2.0000     7.3573     4.1037     3.0957  0.118E-02  0.167E-02   0.00       0.00       1.00       1.00    
     2.0000     7.5196     4.1942     3.1471  0.118E-02  0.167E-02   0.00       0.00       1.00       1.00    
     2.0000     7.6648     4.2754     3.1953  0.118E-02  0.167E-02   0.00       0.00       1.00       1.00    
     2.0000     7.7864     4.3431     3.2354  0.118E-02  0.167E-02   0.00       0.00       1.00       1.00    
     2.0000     7.8782     4.3943     3.2656  0.118E-02  0.167E-02   0.00       0.00       1.00       1.00    
     2.0000     7.9368     4.4271     3.2848  0.118E-02  0.167E-02   0.00       0.00       1.00       1.00    
     2.0000     7.9602     4.4399     3.2924  0.118E-02  0.167E-02   0.00       0.00       1.00       1.00    
     2.0000     7.9485     4.4336     3.2884  0.118E-02  0.167E-02   0.00       0.00       1.00       1.00    
     2.0000     7.9032     4.4082     3.2735  0.118E-02  0.167E-02   0.00       0.00       1.00       1.00    
     5.0000     7.8424     4.3743     3.2536  0.118E-02  0.167E-02   0.00       0.00       1.00       1.00    
     5.0000     7.7620     4.3300     3.2276  0.118E-02  0.167E-02   0.00       0.00       1.00       1.00    
     5.0000     7.6979     4.2954     3.2071  0.118E-02  0.167E-02   0.00       0.00       1.00       1.00    
     5.0000     7.6673     4.2791     3.1976  0.118E-02  0.167E-02   0.00       0.00       1.00       1.00    
     5.0000     7.6707     4.2820     3.1993  0.118E-02  0.167E-02   0.00       0.00       1.00       1.00    
     5.0000     7.7074     4.2943     3.2119  0.118E-02  0.167E-02   0.00       0.00       1.00       1.00    
     5.0000     7.7246     4.3135     3.2176  0.118E-02  0.167E-02   0.00       0.00       1.00       1.00    
     5.0000     7.7458     4.3262     3.2247  0.118E-02  0.167E-02   0.00       0.00       1.00       1.00    
     5.0000     7.7535     4.3296     3.2273  0.118E-02  0.167E-02   0.00       0.00       1.00       1.00    
     5.0000     7.7636     4.3381     3.2306  0.118E-02  0.167E-02   0.00       0.00       1.00       1.00    
    10.0000     7.7825     4.3460     3.2370  0.118E-02  0.167E-02   0.00       0.00       1.00       1.00    
    10.0000     7.7932     4.3565     3.2404  0.118E-02  0.167E-02   0.00       0.00       1.00       1.00    
    10.0000     7.8286     4.3698     3.2523  0.862E-02  0.131E-01   0.00       0.00       1.00       1.00    
    10.0000     7.8778     4.3839     3.2688  0.862E-02  0.131E-01   0.00       0.00       1.00       1.00    
    10.0000     7.9283     4.3980     3.2857  0.855E-02  0.131E-01   0.00       0.00       1.00       1.00    
    10.0000     7.9799     4.4148     3.3030  0.847E-02  0.131E-01   0.00       0.00       1.00       1.00    
    10.0000     8.0325     4.4311     3.3212  0.847E-02  0.131E-01   0.00       0.00       1.00       1.00    
    10.0000     8.0851     4.4460     3.3398  0.833E-02  0.130E-01   0.00       0.00       1.00       1.00    
    10.0000     8.1367     4.4614     3.3582  0.826E-02  0.129E-01   0.00       0.00       1.00       1.00    
    10.0000     8.1873     4.4764     3.3761  0.813E-02  0.128E-01   0.00       0.00       1.00       1.00    
    10.0000     8.2368     4.4900     3.3937  0.806E-02  0.126E-01   0.00       0.00       1.00       1.00    
    10.0000     8.2884     4.5109     3.4121  0.474E-02  0.746E-02   0.00       0.00       1.00       1.00    
    10.0000     8.3428     4.5389     3.4315  0.472E-02  0.741E-02   0.00       0.00       1.00       1.00    
    10.0000     8.3948     4.5654     3.4501  0.469E-02  0.741E-02   0.00       0.00       1.00       1.00    
    10.0000     8.4445     4.5914     3.4679  0.467E-02  0.735E-02   0.00       0.00       1.00       1.00    
    10.0000     8.4926     4.6157     3.4851  0.465E-02  0.735E-02   0.00       0.00       1.00       1.00    
    10.0000     8.5385     4.6385     3.5009  0.463E-02  0.730E-02   0.00       0.00       1.00       1.00    
    10.0000     8.5823     4.6600     3.5158  0.461E-02  0.730E-02   0.00       0.00       1.00       1.00    
    10.0000     8.6244     4.6803     3.5302  0.459E-02  0.725E-02   0.00       0.00       1.00       1.00    
    10.0000     8.6641     4.6998     3.5438  0.455E-02  0.725E-02   0.00       0.00       1.00       1.00    
    10.0000     8.7023     4.7178     3.5568  0.452E-02  0.719E-02   0.00       0.00       1.00       1.00    
    10.0000     8.7388     4.7351     3.5694  0.450E-02  0.714E-02   0.00       0.00       1.00       1.00    
    10.0000     8.7736     4.7514     3.5813  0.448E-02  0.714E-02   0.00       0.00       1.00       1.00    
    10.0000     8.8065     4.7668     3.5927  0.446E-02  0.709E-02   0.00       0.00       1.00       1.00    
    10.0000     8.8382     4.7818     3.6037  0.442E-02  0.704E-02   0.00       0.00       1.00       1.00    
    10.0000     8.8682     4.7957     3.6141  0.441E-02  0.704E-02   0.00       0.00       1.00       1.00    
    10.0000     8.8968     4.8086     3.6240  0.439E-02  0.699E-02   0.00       0.00       1.00       1.00    
    10.0000     8.9243     4.8213     3.6337  0.435E-02  0.694E-02   0.00       0.00       1.00       1.00    
    10.0000     8.9504     4.8328     3.6428  0.433E-02  0.690E-02   0.00       0.00       1.00       1.00    
    10.0000     8.9754     4.8442     3.6516  0.431E-02  0.690E-02   0.00       0.00       1.00       1.00    
    10.0000     9.0119     4.8615     3.6648  0.427E-02  0.685E-02   0.00       0.00       1.00       1.00    
    10.0000     9.3769     5.0911     3.8108  0.388E-02  0.613E-02   0.00       0.00       1.00       1.00    
    10.0000     9.4105     5.1123     3.8242  0.388E-02  0.613E-02   0.00       0.00       1.00       1.00    
    10.0000     9.4438     5.1336     3.8375  0.386E-02  0.610E-02   0.00       0.00       1.00       1.00    
    10.0000     9.4777     5.1546     3.8511  0.386E-02  0.610E-02   0.00       0.00       1.00       1.00    
    10.0000     9.5112     5.1758     3.8643  0.385E-02  0.606E-02   0.00       0.00       1.00       1.00    
    10.0000     9.5449     5.1970     3.8771  0.385E-02  0.606E-02   0.00       0.00       1.00       1.00    
    10.0000     9.5785     5.2181     3.8898  0.383E-02  0.606E-02   0.00       0.00       1.00       1.00    
    10.0000     9.6119     5.2394     3.9025  0.383E-02  0.602E-02   0.00       0.00       1.00       1.00    
    10.0000     9.6458     5.2604     3.9154  0.383E-02  0.602E-02   0.00       0.00       1.00       1.00    
    10.0000     9.6794     5.2816     3.9282  0.382E-02  0.599E-02   0.00       0.00       1.00       1.00    
    10.0000     9.7130     5.3029     3.9409  0.382E-02  0.599E-02   0.00       0.00       1.00       1.00    
    10.0000     9.7466     5.3242     3.9537  0.380E-02  0.599E-02   0.00       0.00       1.00       1.00    
    10.0000     9.7799     5.3454     3.9664  0.380E-02  0.595E-02   0.00       0.00       1.00       1.00    
    10.0000     9.8137     5.3669     3.9792  0.380E-02  0.595E-02   0.00       0.00       1.00       1.00    
    10.0000     9.8473     5.3883     3.9920  0.379E-02  0.592E-02   0.00       0.00       1.00       1.00    
    10.0000     9.8808     5.4094     4.0047  0.379E-02  0.592E-02   0.00       0.00       1.00       1.00    
     0.0000     9.9144     5.4306     4.0175  0.377E-02  0.592E-02   0.00       0.00       1.00       1.00    
