MODEL.01
 
ISOTROPIC
KGS
SPHERICAL EARTH
1-D
CONSTANT VELOCITY
LINE08
LINE09
LINE10
LINE11
      H(KM)   VP(KM/S)   VS(KM/S) RHO(GM/CC)     QP         QS       ETAP       ETAS      FREFP      FREFS    
     2.0000     6.0684     3.3850     2.7228  0.118E-02  0.167E-02   0.00       0.00       1.00       1.00    
     2.0000     6.0855     3.3942     2.7278  0.118E-02  0.167E-02   0.00       0.00       1.00       1.00    
     2.0000     6.1250     3.4165     2.7394  0.118E-02  0.167E-02   0.00       0.00       1.00       1.00    
     2.0000     6.1877     3.4514     2.7575  0.118E-02  0.167E-02   0.00       0.00       1.00       1.00    
     2.0000     6.2613     3.4922     2.7786  0.118E-02  0.167E-02   0.00       0.00       1.00       1.00    
     2.0000     6.3305     3.5311     2.7984  0.118E-02  0.167E-02   0.00       0.00       1.00       1.00    
     2.0000     6.3850     3.5615     2.8140  0.118E-02  0.167E-02   0.00       0.00       1.00       1.00    
     2.0000     6.4217     3.5821     2.8247  0.118E-02  0.167E-02   0.00       0.00       1.00       1.00    
     2.0000     6.4454     3.5949     2.8317  0.118E-02  0.167E-02   0.00       0.00       1.00       1.00    
     2.0000     6.4640     3.6055     2.8376  0.118E-02  0.167E-02   0.00       0.00       1.00       1.00    
     2.0000     6.5019     3.6263     2.8498  0.118E-02  0.167E-02   0.00       0.00       1.00       1.00    
     2.0000     6.5613     3.6598     2.8662  0.118E-02  0.167E-02   0.00       0.00       1.00       1.00    
     2.0000     6.6512     3.7099     2.8903  0.118E-02  0.167E-02   0.00       0.00       1.00       1.00    
     2.0000     6.7747     3.7789     2.9230  0.118E-02  0.167E-02   0.00       0.00       1.00       1.00    
     2.0000     6.9289     3.8646     2.9634  0.118E-02  0.167E-02   0.00       0.00       1.00       1.00    
     2.0000     7.1055     3.9633     3.0161  0.118E-02  0.167E-02   0.00       0.00       1.00       1.00    
     2.0000     7.2948     4.0689     3.0764  0.118E-02  0.167E-02   0.00       0.00       1.00       1.00    
     2.0000     7.4841     4.1745     3.1363  0.118E-02  0.167E-02   0.00       0.00       1.00       1.00    
     2.0000     7.6615     4.2735     3.1955  0.118E-02  0.167E-02   0.00       0.00       1.00       1.00    
     2.0000     7.8168     4.3599     3.2474  0.118E-02  0.167E-02   0.00       0.00       1.00       1.00    
     2.0000     7.9399     4.4288     3.2883  0.118E-02  0.167E-02   0.00       0.00       1.00       1.00    
     2.0000     8.0244     4.4759     3.3166  0.118E-02  0.167E-02   0.00       0.00       1.00       1.00    
     2.0000     8.0650     4.4984     3.3306  0.118E-02  0.167E-02   0.00       0.00       1.00       1.00    
     2.0000     8.0602     4.4958     3.3285  0.118E-02  0.167E-02   0.00       0.00       1.00       1.00    
     2.0000     8.0093     4.4674     3.3101  0.118E-02  0.167E-02   0.00       0.00       1.00       1.00    
     5.0000     7.9337     4.4252     3.2847  0.118E-02  0.167E-02   0.00       0.00       1.00       1.00    
     5.0000     7.8214     4.3631     3.2473  0.118E-02  0.167E-02   0.00       0.00       1.00       1.00    
     5.0000     7.7220     4.3088     3.2145  0.118E-02  0.167E-02   0.00       0.00       1.00       1.00    
     5.0000     7.6628     4.2765     3.1951  0.118E-02  0.167E-02   0.00       0.00       1.00       1.00    
     5.0000     7.6483     4.2692     3.1908  0.118E-02  0.167E-02   0.00       0.00       1.00       1.00    
     5.0000     7.6775     4.2777     3.2010  0.118E-02  0.167E-02   0.00       0.00       1.00       1.00    
     5.0000     7.6943     4.2965     3.2068  0.118E-02  0.167E-02   0.00       0.00       1.00       1.00    
     5.0000     7.7174     4.3103     3.2146  0.118E-02  0.167E-02   0.00       0.00       1.00       1.00    
     5.0000     7.7259     4.3143     3.2175  0.118E-02  0.167E-02   0.00       0.00       1.00       1.00    
     5.0000     7.7379     4.3237     3.2215  0.118E-02  0.167E-02   0.00       0.00       1.00       1.00    
    10.0000     7.7589     4.3329     3.2286  0.118E-02  0.167E-02   0.00       0.00       1.00       1.00    
    10.0000     7.7733     4.3454     3.2334  0.118E-02  0.167E-02   0.00       0.00       1.00       1.00    
    10.0000     7.8133     4.3613     3.2469  0.862E-02  0.131E-01   0.00       0.00       1.00       1.00    
    10.0000     7.8682     4.3786     3.2655  0.862E-02  0.131E-01   0.00       0.00       1.00       1.00    
    10.0000     7.9250     4.3960     3.2846  0.855E-02  0.131E-01   0.00       0.00       1.00       1.00    
    10.0000     7.9835     4.4168     3.3043  0.847E-02  0.131E-01   0.00       0.00       1.00       1.00    
    10.0000     8.0430     4.4370     3.3252  0.847E-02  0.131E-01   0.00       0.00       1.00       1.00    
    10.0000     8.1023     4.4556     3.3464  0.833E-02  0.130E-01   0.00       0.00       1.00       1.00    
    10.0000     8.1608     4.4745     3.3673  0.826E-02  0.129E-01   0.00       0.00       1.00       1.00    
    10.0000     8.2177     4.4930     3.3876  0.813E-02  0.128E-01   0.00       0.00       1.00       1.00    
    10.0000     8.2728     4.5096     3.4073  0.806E-02  0.126E-01   0.00       0.00       1.00       1.00    
    10.0000     8.3295     4.5332     3.4275  0.474E-02  0.746E-02   0.00       0.00       1.00       1.00    
    10.0000     8.3883     4.5635     3.4486  0.472E-02  0.741E-02   0.00       0.00       1.00       1.00    
    10.0000     8.4438     4.5921     3.4685  0.469E-02  0.741E-02   0.00       0.00       1.00       1.00    
    10.0000     8.4964     4.6195     3.4873  0.467E-02  0.735E-02   0.00       0.00       1.00       1.00    
    10.0000     8.5463     4.6448     3.5044  0.465E-02  0.735E-02   0.00       0.00       1.00       1.00    
    10.0000     8.5933     4.6683     3.5203  0.463E-02  0.730E-02   0.00       0.00       1.00       1.00    
    10.0000     8.6377     4.6899     3.5354  0.461E-02  0.730E-02   0.00       0.00       1.00       1.00    
    10.0000     8.6791     4.7101     3.5495  0.459E-02  0.725E-02   0.00       0.00       1.00       1.00    
    10.0000     8.7177     4.7287     3.5626  0.455E-02  0.725E-02   0.00       0.00       1.00       1.00    
    10.0000     8.7537     4.7456     3.5749  0.452E-02  0.719E-02   0.00       0.00       1.00       1.00    
    10.0000     8.7873     4.7613     3.5864  0.450E-02  0.714E-02   0.00       0.00       1.00       1.00    
    10.0000     8.8187     4.7757     3.5972  0.448E-02  0.714E-02   0.00       0.00       1.00       1.00    
    10.0000     8.8469     4.7888     3.6069  0.446E-02  0.709E-02   0.00       0.00       1.00       1.00    
    10.0000     8.8737     4.8010     3.6161  0.442E-02  0.704E-02   0.00       0.00       1.00       1.00    
    10.0000     8.8981     4.8119     3.6246  0.441E-02  0.704E-02   0.00       0.00       1.00       1.00    
    10.0000     8.9201     4.8211     3.6322  0.439E-02  0.699E-02   0.00       0.00       1.00       1.00    
    10.0000     8.9406     4.8300     3.6394  0.435E-02  0.694E-02   0.00       0.00       1.00       1.00    
    10.0000     8.9589     4.8374     3.6458  0.433E-02  0.690E-02   0.00       0.00       1.00       1.00    
    10.0000     8.9754     4.8442     3.6516  0.431E-02  0.690E-02   0.00       0.00       1.00       1.00    
    10.0000     9.0119     4.8615     3.6648  0.427E-02  0.685E-02   0.00       0.00       1.00       1.00    
    10.0000     9.3769     5.0911     3.8108  0.388E-02  0.613E-02   0.00       0.00       1.00       1.00    
    10.0000     9.4105     5.1123     3.8242  0.388E-02  0.613E-02   0.00       0.00       1.00       1.00    
    10.0000     9.4438     5.1336     3.8375  0.386E-02  0.610E-02   0.00       0.00       1.00       1.00    
    10.0000     9.4777     5.1546     3.8511  0.386E-02  0.610E-02   0.00       0.00       1.00       1.00    
    10.0000     9.5112     5.1758     3.8643  0.385E-02  0.606E-02   0.00       0.00       1.00       1.00    
    10.0000     9.5449     5.1970     3.8771  0.385E-02  0.606E-02   0.00       0.00       1.00       1.00    
    10.0000     9.5785     5.2181     3.8898  0.383E-02  0.606E-02   0.00       0.00       1.00       1.00    
    10.0000     9.6119     5.2394     3.9025  0.383E-02  0.602E-02   0.00       0.00       1.00       1.00    
    10.0000     9.6458     5.2604     3.9154  0.383E-02  0.602E-02   0.00       0.00       1.00       1.00    
    10.0000     9.6794     5.2816     3.9282  0.382E-02  0.599E-02   0.00       0.00       1.00       1.00    
    10.0000     9.7130     5.3029     3.9409  0.382E-02  0.599E-02   0.00       0.00       1.00       1.00    
    10.0000     9.7466     5.3242     3.9537  0.380E-02  0.599E-02   0.00       0.00       1.00       1.00    
    10.0000     9.7799     5.3454     3.9664  0.380E-02  0.595E-02   0.00       0.00       1.00       1.00    
    10.0000     9.8137     5.3669     3.9792  0.380E-02  0.595E-02   0.00       0.00       1.00       1.00    
    10.0000     9.8473     5.3883     3.9920  0.379E-02  0.592E-02   0.00       0.00       1.00       1.00    
    10.0000     9.8808     5.4094     4.0047  0.379E-02  0.592E-02   0.00       0.00       1.00       1.00    
     0.0000     9.9144     5.4306     4.0175  0.377E-02  0.592E-02   0.00       0.00       1.00       1.00    
