MODEL.01
 
ISOTROPIC
KGS
SPHERICAL EARTH
1-D
CONSTANT VELOCITY
LINE08
LINE09
LINE10
LINE11
      H(KM)   VP(KM/S)   VS(KM/S) RHO(GM/CC)     QP         QS       ETAP       ETAS      FREFP      FREFS    
     2.0000     6.1312     3.4200     2.7347  0.118E-02  0.167E-02   0.00       0.00       1.00       1.00    
     2.0000     6.1405     3.4249     2.7373  0.118E-02  0.167E-02   0.00       0.00       1.00       1.00    
     2.0000     6.1561     3.4338     2.7419  0.118E-02  0.167E-02   0.00       0.00       1.00       1.00    
     2.0000     6.1773     3.4455     2.7484  0.118E-02  0.167E-02   0.00       0.00       1.00       1.00    
     2.0000     6.2033     3.4600     2.7567  0.118E-02  0.167E-02   0.00       0.00       1.00       1.00    
     2.0000     6.2346     3.4774     2.7673  0.118E-02  0.167E-02   0.00       0.00       1.00       1.00    
     2.0000     6.2726     3.4988     2.7804  0.118E-02  0.167E-02   0.00       0.00       1.00       1.00    
     2.0000     6.3190     3.5245     2.7963  0.118E-02  0.167E-02   0.00       0.00       1.00       1.00    
     2.0000     6.3749     3.5557     2.8150  0.118E-02  0.167E-02   0.00       0.00       1.00       1.00    
     2.0000     6.4408     3.5925     2.8366  0.118E-02  0.167E-02   0.00       0.00       1.00       1.00    
     2.0000     6.5588     3.6583     2.8709  0.118E-02  0.167E-02   0.00       0.00       1.00       1.00    
     2.0000     6.6893     3.7312     2.9059  0.118E-02  0.167E-02   0.00       0.00       1.00       1.00    
     2.0000     6.8287     3.8089     2.9424  0.118E-02  0.167E-02   0.00       0.00       1.00       1.00    
     2.0000     6.9723     3.8890     2.9792  0.118E-02  0.167E-02   0.00       0.00       1.00       1.00    
     2.0000     7.1155     3.9688     3.0235  0.118E-02  0.167E-02   0.00       0.00       1.00       1.00    
     2.0000     7.2531     4.0456     3.0655  0.118E-02  0.167E-02   0.00       0.00       1.00       1.00    
     2.0000     7.3809     4.1168     3.1041  0.118E-02  0.167E-02   0.00       0.00       1.00       1.00    
     2.0000     7.4950     4.1805     3.1382  0.118E-02  0.167E-02   0.00       0.00       1.00       1.00    
     2.0000     7.5923     4.2350     3.1688  0.118E-02  0.167E-02   0.00       0.00       1.00       1.00    
     2.0000     7.6714     4.2788     3.1936  0.118E-02  0.167E-02   0.00       0.00       1.00       1.00    
     2.0000     7.7307     4.3121     3.2123  0.118E-02  0.167E-02   0.00       0.00       1.00       1.00    
     2.0000     7.7704     4.3341     3.2250  0.118E-02  0.167E-02   0.00       0.00       1.00       1.00    
     2.0000     7.7911     4.3455     3.2321  0.118E-02  0.167E-02   0.00       0.00       1.00       1.00    
     2.0000     7.7942     4.3474     3.2339  0.118E-02  0.167E-02   0.00       0.00       1.00       1.00    
     2.0000     7.7822     4.3408     3.2315  0.118E-02  0.167E-02   0.00       0.00       1.00       1.00    
     5.0000     7.7622     4.3296     3.2266  0.118E-02  0.167E-02   0.00       0.00       1.00       1.00    
     5.0000     7.7370     4.3162     3.2204  0.118E-02  0.167E-02   0.00       0.00       1.00       1.00    
     5.0000     7.7221     4.3090     3.2174  0.118E-02  0.167E-02   0.00       0.00       1.00       1.00    
     5.0000     7.7237     4.3106     3.2192  0.118E-02  0.167E-02   0.00       0.00       1.00       1.00    
     5.0000     7.7397     4.3205     3.2250  0.118E-02  0.167E-02   0.00       0.00       1.00       1.00    
     5.0000     7.7751     4.3321     3.2369  0.118E-02  0.167E-02   0.00       0.00       1.00       1.00    
     5.0000     7.7837     4.3467     3.2394  0.118E-02  0.167E-02   0.00       0.00       1.00       1.00    
     5.0000     7.7976     4.3553     3.2438  0.118E-02  0.167E-02   0.00       0.00       1.00       1.00    
     5.0000     7.8026     4.3572     3.2453  0.118E-02  0.167E-02   0.00       0.00       1.00       1.00    
     5.0000     7.8087     4.3633     3.2472  0.118E-02  0.167E-02   0.00       0.00       1.00       1.00    
    10.0000     7.8228     4.3686     3.2518  0.118E-02  0.167E-02   0.00       0.00       1.00       1.00    
    10.0000     7.8263     4.3749     3.2527  0.118E-02  0.167E-02   0.00       0.00       1.00       1.00    
    10.0000     7.8531     4.3835     3.2614  0.862E-02  0.131E-01   0.00       0.00       1.00       1.00    
    10.0000     7.8924     4.3919     3.2744  0.862E-02  0.131E-01   0.00       0.00       1.00       1.00    
    10.0000     7.9320     4.4001     3.2874  0.855E-02  0.131E-01   0.00       0.00       1.00       1.00    
    10.0000     7.9725     4.4106     3.3007  0.847E-02  0.131E-01   0.00       0.00       1.00       1.00    
    10.0000     8.0136     4.4207     3.3145  0.847E-02  0.131E-01   0.00       0.00       1.00       1.00    
    10.0000     8.0549     4.4295     3.3288  0.833E-02  0.130E-01   0.00       0.00       1.00       1.00    
    10.0000     8.0959     4.4392     3.3431  0.826E-02  0.129E-01   0.00       0.00       1.00       1.00    
    10.0000     8.1370     4.4488     3.3575  0.813E-02  0.128E-01   0.00       0.00       1.00       1.00    
    10.0000     8.1774     4.4576     3.3717  0.806E-02  0.126E-01   0.00       0.00       1.00       1.00    
    10.0000     8.2216     4.4746     3.3873  0.474E-02  0.746E-02   0.00       0.00       1.00       1.00    
    10.0000     8.2695     4.4992     3.4042  0.472E-02  0.741E-02   0.00       0.00       1.00       1.00    
    10.0000     8.3165     4.5230     3.4209  0.469E-02  0.741E-02   0.00       0.00       1.00       1.00    
    10.0000     8.3626     4.5468     3.4374  0.467E-02  0.735E-02   0.00       0.00       1.00       1.00    
    10.0000     8.4081     4.5699     3.4536  0.465E-02  0.735E-02   0.00       0.00       1.00       1.00    
    10.0000     8.4529     4.5921     3.4697  0.463E-02  0.730E-02   0.00       0.00       1.00       1.00    
    10.0000     8.4971     4.6138     3.4856  0.461E-02  0.730E-02   0.00       0.00       1.00       1.00    
    10.0000     8.5404     4.6346     3.5006  0.459E-02  0.725E-02   0.00       0.00       1.00       1.00    
    10.0000     8.5829     4.6556     3.5152  0.455E-02  0.725E-02   0.00       0.00       1.00       1.00    
    10.0000     8.6246     4.6757     3.5295  0.452E-02  0.719E-02   0.00       0.00       1.00       1.00    
    10.0000     8.6660     4.6957     3.5438  0.450E-02  0.714E-02   0.00       0.00       1.00       1.00    
    10.0000     8.7066     4.7152     3.5578  0.448E-02  0.714E-02   0.00       0.00       1.00       1.00    
    10.0000     8.7464     4.7344     3.5716  0.446E-02  0.709E-02   0.00       0.00       1.00       1.00    
    10.0000     8.7860     4.7534     3.5853  0.442E-02  0.704E-02   0.00       0.00       1.00       1.00    
    10.0000     8.8247     4.7722     3.5988  0.441E-02  0.704E-02   0.00       0.00       1.00       1.00    
    10.0000     8.8630     4.7904     3.6122  0.439E-02  0.699E-02   0.00       0.00       1.00       1.00    
    10.0000     8.9010     4.8087     3.6255  0.435E-02  0.694E-02   0.00       0.00       1.00       1.00    
    10.0000     8.9384     4.8263     3.6386  0.433E-02  0.690E-02   0.00       0.00       1.00       1.00    
    10.0000     8.9754     4.8442     3.6516  0.431E-02  0.690E-02   0.00       0.00       1.00       1.00    
    10.0000     9.0119     4.8615     3.6648  0.427E-02  0.685E-02   0.00       0.00       1.00       1.00    
    10.0000     9.3769     5.0911     3.8108  0.388E-02  0.613E-02   0.00       0.00       1.00       1.00    
    10.0000     9.4105     5.1123     3.8242  0.388E-02  0.613E-02   0.00       0.00       1.00       1.00    
    10.0000     9.4438     5.1336     3.8375  0.386E-02  0.610E-02   0.00       0.00       1.00       1.00    
    10.0000     9.4777     5.1546     3.8511  0.386E-02  0.610E-02   0.00       0.00       1.00       1.00    
    10.0000     9.5112     5.1758     3.8643  0.385E-02  0.606E-02   0.00       0.00       1.00       1.00    
    10.0000     9.5449     5.1970     3.8771  0.385E-02  0.606E-02   0.00       0.00       1.00       1.00    
    10.0000     9.5785     5.2181     3.8898  0.383E-02  0.606E-02   0.00       0.00       1.00       1.00    
    10.0000     9.6119     5.2394     3.9025  0.383E-02  0.602E-02   0.00       0.00       1.00       1.00    
    10.0000     9.6458     5.2604     3.9154  0.383E-02  0.602E-02   0.00       0.00       1.00       1.00    
    10.0000     9.6794     5.2816     3.9282  0.382E-02  0.599E-02   0.00       0.00       1.00       1.00    
    10.0000     9.7130     5.3029     3.9409  0.382E-02  0.599E-02   0.00       0.00       1.00       1.00    
    10.0000     9.7466     5.3242     3.9537  0.380E-02  0.599E-02   0.00       0.00       1.00       1.00    
    10.0000     9.7799     5.3454     3.9664  0.380E-02  0.595E-02   0.00       0.00       1.00       1.00    
    10.0000     9.8137     5.3669     3.9792  0.380E-02  0.595E-02   0.00       0.00       1.00       1.00    
    10.0000     9.8473     5.3883     3.9920  0.379E-02  0.592E-02   0.00       0.00       1.00       1.00    
    10.0000     9.8808     5.4094     4.0047  0.379E-02  0.592E-02   0.00       0.00       1.00       1.00    
     0.0000     9.9144     5.4306     4.0175  0.377E-02  0.592E-02   0.00       0.00       1.00       1.00    
