MODEL.01
 
ISOTROPIC
KGS
SPHERICAL EARTH
1-D
CONSTANT VELOCITY
LINE08
LINE09
LINE10
LINE11
      H(KM)   VP(KM/S)   VS(KM/S) RHO(GM/CC)     QP         QS       ETAP       ETAS      FREFP      FREFS    
     2.0000     6.0834     3.3934     2.7272  0.118E-02  0.167E-02   0.00       0.00       1.00       1.00    
     2.0000     6.0999     3.4023     2.7321  0.118E-02  0.167E-02   0.00       0.00       1.00       1.00    
     2.0000     6.1373     3.4234     2.7430  0.118E-02  0.167E-02   0.00       0.00       1.00       1.00    
     2.0000     6.1953     3.4557     2.7597  0.118E-02  0.167E-02   0.00       0.00       1.00       1.00    
     2.0000     6.2627     3.4929     2.7789  0.118E-02  0.167E-02   0.00       0.00       1.00       1.00    
     2.0000     6.3255     3.5283     2.7968  0.118E-02  0.167E-02   0.00       0.00       1.00       1.00    
     2.0000     6.3751     3.5560     2.8110  0.118E-02  0.167E-02   0.00       0.00       1.00       1.00    
     2.0000     6.4092     3.5751     2.8209  0.118E-02  0.167E-02   0.00       0.00       1.00       1.00    
     2.0000     6.4329     3.5879     2.8280  0.118E-02  0.167E-02   0.00       0.00       1.00       1.00    
     2.0000     6.4537     3.5998     2.8346  0.118E-02  0.167E-02   0.00       0.00       1.00       1.00    
     2.0000     6.4973     3.6238     2.8486  0.118E-02  0.167E-02   0.00       0.00       1.00       1.00    
     2.0000     6.5633     3.6609     2.8668  0.118E-02  0.167E-02   0.00       0.00       1.00       1.00    
     2.0000     6.6592     3.7144     2.8925  0.118E-02  0.167E-02   0.00       0.00       1.00       1.00    
     2.0000     6.7872     3.7858     2.9264  0.118E-02  0.167E-02   0.00       0.00       1.00       1.00    
     2.0000     6.9436     3.8728     2.9673  0.118E-02  0.167E-02   0.00       0.00       1.00       1.00    
     2.0000     7.1202     3.9715     3.0208  0.118E-02  0.167E-02   0.00       0.00       1.00       1.00    
     2.0000     7.3073     4.0759     3.0803  0.118E-02  0.167E-02   0.00       0.00       1.00       1.00    
     2.0000     7.4926     4.1792     3.1389  0.118E-02  0.167E-02   0.00       0.00       1.00       1.00    
     2.0000     7.6649     4.2754     3.1965  0.118E-02  0.167E-02   0.00       0.00       1.00       1.00    
     2.0000     7.8147     4.3587     3.2465  0.118E-02  0.167E-02   0.00       0.00       1.00       1.00    
     2.0000     7.9324     4.4246     3.2856  0.118E-02  0.167E-02   0.00       0.00       1.00       1.00    
     2.0000     8.0121     4.4690     3.3119  0.118E-02  0.167E-02   0.00       0.00       1.00       1.00    
     2.0000     8.0491     4.4895     3.3247  0.118E-02  0.167E-02   0.00       0.00       1.00       1.00    
     2.0000     8.0423     4.4858     3.3219  0.118E-02  0.167E-02   0.00       0.00       1.00       1.00    
     2.0000     7.9913     4.4573     3.3039  0.118E-02  0.167E-02   0.00       0.00       1.00       1.00    
     5.0000     7.9174     4.4161     3.2791  0.118E-02  0.167E-02   0.00       0.00       1.00       1.00    
     5.0000     7.8098     4.3566     3.2434  0.118E-02  0.167E-02   0.00       0.00       1.00       1.00    
     5.0000     7.7161     4.3055     3.2125  0.118E-02  0.167E-02   0.00       0.00       1.00       1.00    
     5.0000     7.6617     4.2759     3.1949  0.118E-02  0.167E-02   0.00       0.00       1.00       1.00    
     5.0000     7.6505     4.2705     3.1916  0.118E-02  0.167E-02   0.00       0.00       1.00       1.00    
     5.0000     7.6814     4.2798     3.2024  0.118E-02  0.167E-02   0.00       0.00       1.00       1.00    
     5.0000     7.6986     4.2989     3.2083  0.118E-02  0.167E-02   0.00       0.00       1.00       1.00    
     5.0000     7.7216     4.3126     3.2161  0.118E-02  0.167E-02   0.00       0.00       1.00       1.00    
     5.0000     7.7300     4.3166     3.2189  0.118E-02  0.167E-02   0.00       0.00       1.00       1.00    
     5.0000     7.7418     4.3259     3.2229  0.118E-02  0.167E-02   0.00       0.00       1.00       1.00    
    10.0000     7.7625     4.3349     3.2299  0.118E-02  0.167E-02   0.00       0.00       1.00       1.00    
    10.0000     7.7764     4.3471     3.2345  0.118E-02  0.167E-02   0.00       0.00       1.00       1.00    
    10.0000     7.8157     4.3627     3.2478  0.862E-02  0.131E-01   0.00       0.00       1.00       1.00    
    10.0000     7.8698     4.3794     3.2660  0.862E-02  0.131E-01   0.00       0.00       1.00       1.00    
    10.0000     7.9256     4.3964     3.2848  0.855E-02  0.131E-01   0.00       0.00       1.00       1.00    
    10.0000     7.9831     4.4166     3.3042  0.847E-02  0.131E-01   0.00       0.00       1.00       1.00    
    10.0000     8.0416     4.4362     3.3247  0.847E-02  0.131E-01   0.00       0.00       1.00       1.00    
    10.0000     8.0998     4.4542     3.3455  0.833E-02  0.130E-01   0.00       0.00       1.00       1.00    
    10.0000     8.1573     4.4726     3.3659  0.826E-02  0.129E-01   0.00       0.00       1.00       1.00    
    10.0000     8.2132     4.4906     3.3859  0.813E-02  0.128E-01   0.00       0.00       1.00       1.00    
    10.0000     8.2675     4.5067     3.4053  0.806E-02  0.126E-01   0.00       0.00       1.00       1.00    
    10.0000     8.3234     4.5299     3.4252  0.474E-02  0.746E-02   0.00       0.00       1.00       1.00    
    10.0000     8.3815     4.5598     3.4460  0.472E-02  0.741E-02   0.00       0.00       1.00       1.00    
    10.0000     8.4364     4.5880     3.4657  0.469E-02  0.741E-02   0.00       0.00       1.00       1.00    
    10.0000     8.4885     4.6152     3.4844  0.467E-02  0.735E-02   0.00       0.00       1.00       1.00    
    10.0000     8.5381     4.6403     3.5015  0.465E-02  0.735E-02   0.00       0.00       1.00       1.00    
    10.0000     8.5849     4.6638     3.5174  0.463E-02  0.730E-02   0.00       0.00       1.00       1.00    
    10.0000     8.6292     4.6853     3.5324  0.461E-02  0.730E-02   0.00       0.00       1.00       1.00    
    10.0000     8.6707     4.7055     3.5465  0.459E-02  0.725E-02   0.00       0.00       1.00       1.00    
    10.0000     8.7094     4.7242     3.5597  0.455E-02  0.725E-02   0.00       0.00       1.00       1.00    
    10.0000     8.7457     4.7413     3.5721  0.452E-02  0.719E-02   0.00       0.00       1.00       1.00    
    10.0000     8.7798     4.7572     3.5838  0.450E-02  0.714E-02   0.00       0.00       1.00       1.00    
    10.0000     8.8116     4.7719     3.5947  0.448E-02  0.714E-02   0.00       0.00       1.00       1.00    
    10.0000     8.8406     4.7854     3.6047  0.446E-02  0.709E-02   0.00       0.00       1.00       1.00    
    10.0000     8.8681     4.7980     3.6142  0.442E-02  0.704E-02   0.00       0.00       1.00       1.00    
    10.0000     8.8934     4.8093     3.6229  0.441E-02  0.704E-02   0.00       0.00       1.00       1.00    
    10.0000     8.9164     4.8191     3.6309  0.439E-02  0.699E-02   0.00       0.00       1.00       1.00    
    10.0000     8.9380     4.8286     3.6385  0.435E-02  0.694E-02   0.00       0.00       1.00       1.00    
    10.0000     8.9575     4.8366     3.6453  0.433E-02  0.690E-02   0.00       0.00       1.00       1.00    
    10.0000     8.9754     4.8442     3.6516  0.431E-02  0.690E-02   0.00       0.00       1.00       1.00    
    10.0000     9.0119     4.8615     3.6648  0.427E-02  0.685E-02   0.00       0.00       1.00       1.00    
    10.0000     9.3769     5.0911     3.8108  0.388E-02  0.613E-02   0.00       0.00       1.00       1.00    
    10.0000     9.4105     5.1123     3.8242  0.388E-02  0.613E-02   0.00       0.00       1.00       1.00    
    10.0000     9.4438     5.1336     3.8375  0.386E-02  0.610E-02   0.00       0.00       1.00       1.00    
    10.0000     9.4777     5.1546     3.8511  0.386E-02  0.610E-02   0.00       0.00       1.00       1.00    
    10.0000     9.5112     5.1758     3.8643  0.385E-02  0.606E-02   0.00       0.00       1.00       1.00    
    10.0000     9.5449     5.1970     3.8771  0.385E-02  0.606E-02   0.00       0.00       1.00       1.00    
    10.0000     9.5785     5.2181     3.8898  0.383E-02  0.606E-02   0.00       0.00       1.00       1.00    
    10.0000     9.6119     5.2394     3.9025  0.383E-02  0.602E-02   0.00       0.00       1.00       1.00    
    10.0000     9.6458     5.2604     3.9154  0.383E-02  0.602E-02   0.00       0.00       1.00       1.00    
    10.0000     9.6794     5.2816     3.9282  0.382E-02  0.599E-02   0.00       0.00       1.00       1.00    
    10.0000     9.7130     5.3029     3.9409  0.382E-02  0.599E-02   0.00       0.00       1.00       1.00    
    10.0000     9.7466     5.3242     3.9537  0.380E-02  0.599E-02   0.00       0.00       1.00       1.00    
    10.0000     9.7799     5.3454     3.9664  0.380E-02  0.595E-02   0.00       0.00       1.00       1.00    
    10.0000     9.8137     5.3669     3.9792  0.380E-02  0.595E-02   0.00       0.00       1.00       1.00    
    10.0000     9.8473     5.3883     3.9920  0.379E-02  0.592E-02   0.00       0.00       1.00       1.00    
    10.0000     9.8808     5.4094     4.0047  0.379E-02  0.592E-02   0.00       0.00       1.00       1.00    
     0.0000     9.9144     5.4306     4.0175  0.377E-02  0.592E-02   0.00       0.00       1.00       1.00    
