MODEL.01
 
ISOTROPIC
KGS
SPHERICAL EARTH
1-D
CONSTANT VELOCITY
LINE08
LINE09
LINE10
LINE11
      H(KM)   VP(KM/S)   VS(KM/S) RHO(GM/CC)     QP         QS       ETAP       ETAS      FREFP      FREFS    
     2.0000     6.1156     3.4113     2.7263  0.118E-02  0.167E-02   0.00       0.00       1.00       1.00    
     2.0000     6.1245     3.4160     2.7290  0.118E-02  0.167E-02   0.00       0.00       1.00       1.00    
     2.0000     6.1396     3.4246     2.7337  0.118E-02  0.167E-02   0.00       0.00       1.00       1.00    
     2.0000     6.1612     3.4365     2.7409  0.118E-02  0.167E-02   0.00       0.00       1.00       1.00    
     2.0000     6.1891     3.4521     2.7507  0.118E-02  0.167E-02   0.00       0.00       1.00       1.00    
     2.0000     6.2243     3.4717     2.7635  0.118E-02  0.167E-02   0.00       0.00       1.00       1.00    
     2.0000     6.2679     3.4962     2.7793  0.118E-02  0.167E-02   0.00       0.00       1.00       1.00    
     2.0000     6.3209     3.5255     2.7982  0.118E-02  0.167E-02   0.00       0.00       1.00       1.00    
     2.0000     6.3834     3.5605     2.8198  0.118E-02  0.167E-02   0.00       0.00       1.00       1.00    
     2.0000     6.4553     3.6006     2.8438  0.118E-02  0.167E-02   0.00       0.00       1.00       1.00    
     2.0000     6.5803     3.6703     2.8794  0.118E-02  0.167E-02   0.00       0.00       1.00       1.00    
     2.0000     6.7149     3.7455     2.9155  0.118E-02  0.167E-02   0.00       0.00       1.00       1.00    
     2.0000     6.8553     3.8237     2.9521  0.118E-02  0.167E-02   0.00       0.00       1.00       1.00    
     2.0000     6.9970     3.9028     2.9897  0.118E-02  0.167E-02   0.00       0.00       1.00       1.00    
     2.0000     7.1358     3.9801     3.0318  0.118E-02  0.167E-02   0.00       0.00       1.00       1.00    
     2.0000     7.2672     4.0535     3.0707  0.118E-02  0.167E-02   0.00       0.00       1.00       1.00    
     2.0000     7.3878     4.1206     3.1057  0.118E-02  0.167E-02   0.00       0.00       1.00       1.00    
     2.0000     7.4943     4.1801     3.1360  0.118E-02  0.167E-02   0.00       0.00       1.00       1.00    
     2.0000     7.5846     4.2307     3.1627  0.118E-02  0.167E-02   0.00       0.00       1.00       1.00    
     2.0000     7.6577     4.2712     3.1841  0.118E-02  0.167E-02   0.00       0.00       1.00       1.00    
     2.0000     7.7127     4.3021     3.2001  0.118E-02  0.167E-02   0.00       0.00       1.00       1.00    
     2.0000     7.7501     4.3228     3.2110  0.118E-02  0.167E-02   0.00       0.00       1.00       1.00    
     2.0000     7.7708     4.3342     3.2172  0.118E-02  0.167E-02   0.00       0.00       1.00       1.00    
     2.0000     7.7763     4.3374     3.2193  0.118E-02  0.167E-02   0.00       0.00       1.00       1.00    
     2.0000     7.7690     4.3334     3.2180  0.118E-02  0.167E-02   0.00       0.00       1.00       1.00    
     5.0000     7.7546     4.3254     3.2150  0.118E-02  0.167E-02   0.00       0.00       1.00       1.00    
     5.0000     7.7364     4.3159     3.2116  0.118E-02  0.167E-02   0.00       0.00       1.00       1.00    
     5.0000     7.7275     4.3120     3.2114  0.118E-02  0.167E-02   0.00       0.00       1.00       1.00    
     5.0000     7.7328     4.3157     3.2153  0.118E-02  0.167E-02   0.00       0.00       1.00       1.00    
     5.0000     7.7500     4.3262     3.2223  0.118E-02  0.167E-02   0.00       0.00       1.00       1.00    
     5.0000     7.7849     4.3376     3.2347  0.118E-02  0.167E-02   0.00       0.00       1.00       1.00    
     5.0000     7.7923     4.3515     3.2372  0.118E-02  0.167E-02   0.00       0.00       1.00       1.00    
     5.0000     7.8052     4.3595     3.2414  0.118E-02  0.167E-02   0.00       0.00       1.00       1.00    
     5.0000     7.8098     4.3612     3.2429  0.118E-02  0.167E-02   0.00       0.00       1.00       1.00    
     5.0000     7.8154     4.3670     3.2447  0.118E-02  0.167E-02   0.00       0.00       1.00       1.00    
    10.0000     7.8288     4.3720     3.2491  0.118E-02  0.167E-02   0.00       0.00       1.00       1.00    
    10.0000     7.8314     4.3778     3.2498  0.118E-02  0.167E-02   0.00       0.00       1.00       1.00    
    10.0000     7.8572     4.3858     3.2583  0.862E-02  0.131E-01   0.00       0.00       1.00       1.00    
    10.0000     7.8952     4.3935     3.2709  0.862E-02  0.131E-01   0.00       0.00       1.00       1.00    
    10.0000     7.9335     4.4009     3.2835  0.855E-02  0.131E-01   0.00       0.00       1.00       1.00    
    10.0000     7.9726     4.4107     3.2964  0.847E-02  0.131E-01   0.00       0.00       1.00       1.00    
    10.0000     8.0124     4.4200     3.3096  0.847E-02  0.131E-01   0.00       0.00       1.00       1.00    
    10.0000     8.0523     4.4281     3.3236  0.833E-02  0.130E-01   0.00       0.00       1.00       1.00    
    10.0000     8.0920     4.4371     3.3376  0.826E-02  0.129E-01   0.00       0.00       1.00       1.00    
    10.0000     8.1320     4.4460     3.3517  0.813E-02  0.128E-01   0.00       0.00       1.00       1.00    
    10.0000     8.1713     4.4543     3.3656  0.806E-02  0.126E-01   0.00       0.00       1.00       1.00    
    10.0000     8.2146     4.4708     3.3810  0.474E-02  0.746E-02   0.00       0.00       1.00       1.00    
    10.0000     8.2617     4.4950     3.3979  0.472E-02  0.741E-02   0.00       0.00       1.00       1.00    
    10.0000     8.3081     4.5185     3.4145  0.469E-02  0.741E-02   0.00       0.00       1.00       1.00    
    10.0000     8.3538     4.5420     3.4310  0.467E-02  0.735E-02   0.00       0.00       1.00       1.00    
    10.0000     8.3990     4.5650     3.4474  0.465E-02  0.735E-02   0.00       0.00       1.00       1.00    
    10.0000     8.4436     4.5871     3.4636  0.463E-02  0.730E-02   0.00       0.00       1.00       1.00    
    10.0000     8.4878     4.6088     3.4797  0.461E-02  0.730E-02   0.00       0.00       1.00       1.00    
    10.0000     8.5313     4.6297     3.4953  0.459E-02  0.725E-02   0.00       0.00       1.00       1.00    
    10.0000     8.5741     4.6508     3.5101  0.455E-02  0.725E-02   0.00       0.00       1.00       1.00    
    10.0000     8.6162     4.6711     3.5248  0.452E-02  0.719E-02   0.00       0.00       1.00       1.00    
    10.0000     8.6581     4.6914     3.5394  0.450E-02  0.714E-02   0.00       0.00       1.00       1.00    
    10.0000     8.6993     4.7113     3.5538  0.448E-02  0.714E-02   0.00       0.00       1.00       1.00    
    10.0000     8.7399     4.7309     3.5681  0.446E-02  0.709E-02   0.00       0.00       1.00       1.00    
    10.0000     8.7803     4.7503     3.5823  0.442E-02  0.704E-02   0.00       0.00       1.00       1.00    
    10.0000     8.8200     4.7697     3.5964  0.441E-02  0.704E-02   0.00       0.00       1.00       1.00    
    10.0000     8.8594     4.7884     3.6103  0.439E-02  0.699E-02   0.00       0.00       1.00       1.00    
    10.0000     8.8985     4.8073     3.6242  0.435E-02  0.694E-02   0.00       0.00       1.00       1.00    
    10.0000     8.9371     4.8256     3.6380  0.433E-02  0.690E-02   0.00       0.00       1.00       1.00    
    10.0000     8.9754     4.8442     3.6516  0.431E-02  0.690E-02   0.00       0.00       1.00       1.00    
    10.0000     9.0119     4.8615     3.6648  0.427E-02  0.685E-02   0.00       0.00       1.00       1.00    
    10.0000     9.3769     5.0911     3.8108  0.388E-02  0.613E-02   0.00       0.00       1.00       1.00    
    10.0000     9.4105     5.1123     3.8242  0.388E-02  0.613E-02   0.00       0.00       1.00       1.00    
    10.0000     9.4438     5.1336     3.8375  0.386E-02  0.610E-02   0.00       0.00       1.00       1.00    
    10.0000     9.4777     5.1546     3.8511  0.386E-02  0.610E-02   0.00       0.00       1.00       1.00    
    10.0000     9.5112     5.1758     3.8643  0.385E-02  0.606E-02   0.00       0.00       1.00       1.00    
    10.0000     9.5449     5.1970     3.8771  0.385E-02  0.606E-02   0.00       0.00       1.00       1.00    
    10.0000     9.5785     5.2181     3.8898  0.383E-02  0.606E-02   0.00       0.00       1.00       1.00    
    10.0000     9.6119     5.2394     3.9025  0.383E-02  0.602E-02   0.00       0.00       1.00       1.00    
    10.0000     9.6458     5.2604     3.9154  0.383E-02  0.602E-02   0.00       0.00       1.00       1.00    
    10.0000     9.6794     5.2816     3.9282  0.382E-02  0.599E-02   0.00       0.00       1.00       1.00    
    10.0000     9.7130     5.3029     3.9409  0.382E-02  0.599E-02   0.00       0.00       1.00       1.00    
    10.0000     9.7466     5.3242     3.9537  0.380E-02  0.599E-02   0.00       0.00       1.00       1.00    
    10.0000     9.7799     5.3454     3.9664  0.380E-02  0.595E-02   0.00       0.00       1.00       1.00    
    10.0000     9.8137     5.3669     3.9792  0.380E-02  0.595E-02   0.00       0.00       1.00       1.00    
    10.0000     9.8473     5.3883     3.9920  0.379E-02  0.592E-02   0.00       0.00       1.00       1.00    
    10.0000     9.8808     5.4094     4.0047  0.379E-02  0.592E-02   0.00       0.00       1.00       1.00    
     0.0000     9.9144     5.4306     4.0175  0.377E-02  0.592E-02   0.00       0.00       1.00       1.00    
