MODEL.01
 
ISOTROPIC
KGS
SPHERICAL EARTH
1-D
CONSTANT VELOCITY
LINE08
LINE09
LINE10
LINE11
      H(KM)   VP(KM/S)   VS(KM/S) RHO(GM/CC)     QP         QS       ETAP       ETAS      FREFP      FREFS    
     2.0000     6.1048     3.4054     2.7334  0.118E-02  0.167E-02   0.00       0.00       1.00       1.00    
     2.0000     6.1204     3.4137     2.7380  0.118E-02  0.167E-02   0.00       0.00       1.00       1.00    
     2.0000     6.1544     3.4330     2.7479  0.118E-02  0.167E-02   0.00       0.00       1.00       1.00    
     2.0000     6.2055     3.4614     2.7625  0.118E-02  0.167E-02   0.00       0.00       1.00       1.00    
     2.0000     6.2636     3.4934     2.7791  0.118E-02  0.167E-02   0.00       0.00       1.00       1.00    
     2.0000     6.3171     3.5236     2.7942  0.118E-02  0.167E-02   0.00       0.00       1.00       1.00    
     2.0000     6.3598     3.5476     2.8064  0.118E-02  0.167E-02   0.00       0.00       1.00       1.00    
     2.0000     6.3907     3.5647     2.8154  0.118E-02  0.167E-02   0.00       0.00       1.00       1.00    
     2.0000     6.4150     3.5780     2.8228  0.118E-02  0.167E-02   0.00       0.00       1.00       1.00    
     2.0000     6.4397     3.5920     2.8306  0.118E-02  0.167E-02   0.00       0.00       1.00       1.00    
     2.0000     6.4924     3.6211     2.8474  0.118E-02  0.167E-02   0.00       0.00       1.00       1.00    
     2.0000     6.5683     3.6637     2.8684  0.118E-02  0.167E-02   0.00       0.00       1.00       1.00    
     2.0000     6.6732     3.7222     2.8964  0.118E-02  0.167E-02   0.00       0.00       1.00       1.00    
     2.0000     6.8074     3.7970     2.9318  0.118E-02  0.167E-02   0.00       0.00       1.00       1.00    
     2.0000     6.9665     3.8857     2.9733  0.118E-02  0.167E-02   0.00       0.00       1.00       1.00    
     2.0000     7.1425     3.9839     3.0280  0.118E-02  0.167E-02   0.00       0.00       1.00       1.00    
     2.0000     7.3254     4.0860     3.0860  0.118E-02  0.167E-02   0.00       0.00       1.00       1.00    
     2.0000     7.5041     4.1856     3.1426  0.118E-02  0.167E-02   0.00       0.00       1.00       1.00    
     2.0000     7.6683     4.2773     3.1974  0.118E-02  0.167E-02   0.00       0.00       1.00       1.00    
     2.0000     7.8092     4.3557     3.2442  0.118E-02  0.167E-02   0.00       0.00       1.00       1.00    
     2.0000     7.9184     4.4168     3.2804  0.118E-02  0.167E-02   0.00       0.00       1.00       1.00    
     2.0000     7.9909     4.4573     3.3043  0.118E-02  0.167E-02   0.00       0.00       1.00       1.00    
     2.0000     8.0229     4.4749     3.3149  0.118E-02  0.167E-02   0.00       0.00       1.00       1.00    
     2.0000     8.0136     4.4698     3.3113  0.118E-02  0.167E-02   0.00       0.00       1.00       1.00    
     2.0000     7.9632     4.4417     3.2942  0.118E-02  0.167E-02   0.00       0.00       1.00       1.00    
     5.0000     7.8925     4.4023     3.2706  0.118E-02  0.167E-02   0.00       0.00       1.00       1.00    
     5.0000     7.7927     4.3471     3.2376  0.118E-02  0.167E-02   0.00       0.00       1.00       1.00    
     5.0000     7.7081     4.3010     3.2100  0.118E-02  0.167E-02   0.00       0.00       1.00       1.00    
     5.0000     7.6614     4.2757     3.1950  0.118E-02  0.167E-02   0.00       0.00       1.00       1.00    
     5.0000     7.6551     4.2732     3.1934  0.118E-02  0.167E-02   0.00       0.00       1.00       1.00    
     5.0000     7.6884     4.2837     3.2049  0.118E-02  0.167E-02   0.00       0.00       1.00       1.00    
     5.0000     7.7059     4.3030     3.2109  0.118E-02  0.167E-02   0.00       0.00       1.00       1.00    
     5.0000     7.7285     4.3166     3.2186  0.118E-02  0.167E-02   0.00       0.00       1.00       1.00    
     5.0000     7.7369     4.3204     3.2214  0.118E-02  0.167E-02   0.00       0.00       1.00       1.00    
     5.0000     7.7482     4.3295     3.2252  0.118E-02  0.167E-02   0.00       0.00       1.00       1.00    
    10.0000     7.7684     4.3382     3.2320  0.118E-02  0.167E-02   0.00       0.00       1.00       1.00    
    10.0000     7.7814     4.3499     3.2363  0.118E-02  0.167E-02   0.00       0.00       1.00       1.00    
    10.0000     7.8196     4.3648     3.2491  0.862E-02  0.131E-01   0.00       0.00       1.00       1.00    
    10.0000     7.8723     4.3809     3.2669  0.862E-02  0.131E-01   0.00       0.00       1.00       1.00    
    10.0000     7.9265     4.3970     3.2851  0.855E-02  0.131E-01   0.00       0.00       1.00       1.00    
    10.0000     7.9824     4.4162     3.3039  0.847E-02  0.131E-01   0.00       0.00       1.00       1.00    
    10.0000     8.0391     4.4348     3.3238  0.847E-02  0.131E-01   0.00       0.00       1.00       1.00    
    10.0000     8.0956     4.4519     3.3439  0.833E-02  0.130E-01   0.00       0.00       1.00       1.00    
    10.0000     8.1514     4.4694     3.3637  0.826E-02  0.129E-01   0.00       0.00       1.00       1.00    
    10.0000     8.2057     4.4865     3.3831  0.813E-02  0.128E-01   0.00       0.00       1.00       1.00    
    10.0000     8.2586     4.5019     3.4019  0.806E-02  0.126E-01   0.00       0.00       1.00       1.00    
    10.0000     8.3132     4.5244     3.4214  0.474E-02  0.746E-02   0.00       0.00       1.00       1.00    
    10.0000     8.3702     4.5537     3.4418  0.472E-02  0.741E-02   0.00       0.00       1.00       1.00    
    10.0000     8.4242     4.5814     3.4611  0.469E-02  0.741E-02   0.00       0.00       1.00       1.00    
    10.0000     8.4756     4.6082     3.4795  0.467E-02  0.735E-02   0.00       0.00       1.00       1.00    
    10.0000     8.5246     4.6331     3.4967  0.465E-02  0.735E-02   0.00       0.00       1.00       1.00    
    10.0000     8.5711     4.6563     3.5125  0.463E-02  0.730E-02   0.00       0.00       1.00       1.00    
    10.0000     8.6153     4.6778     3.5275  0.461E-02  0.730E-02   0.00       0.00       1.00       1.00    
    10.0000     8.6569     4.6980     3.5417  0.459E-02  0.725E-02   0.00       0.00       1.00       1.00    
    10.0000     8.6959     4.7169     3.5550  0.455E-02  0.725E-02   0.00       0.00       1.00       1.00    
    10.0000     8.7327     4.7343     3.5676  0.452E-02  0.719E-02   0.00       0.00       1.00       1.00    
    10.0000     8.7675     4.7506     3.5795  0.450E-02  0.714E-02   0.00       0.00       1.00       1.00    
    10.0000     8.8002     4.7657     3.5907  0.448E-02  0.714E-02   0.00       0.00       1.00       1.00    
    10.0000     8.8304     4.7798     3.6011  0.446E-02  0.709E-02   0.00       0.00       1.00       1.00    
    10.0000     8.8591     4.7931     3.6110  0.442E-02  0.704E-02   0.00       0.00       1.00       1.00    
    10.0000     8.8859     4.8052     3.6203  0.441E-02  0.704E-02   0.00       0.00       1.00       1.00    
    10.0000     8.9105     4.8159     3.6289  0.439E-02  0.699E-02   0.00       0.00       1.00       1.00    
    10.0000     8.9339     4.8264     3.6370  0.435E-02  0.694E-02   0.00       0.00       1.00       1.00    
    10.0000     8.9554     4.8354     3.6446  0.433E-02  0.690E-02   0.00       0.00       1.00       1.00    
    10.0000     8.9754     4.8442     3.6516  0.431E-02  0.690E-02   0.00       0.00       1.00       1.00    
    10.0000     9.0119     4.8615     3.6648  0.427E-02  0.685E-02   0.00       0.00       1.00       1.00    
    10.0000     9.3769     5.0911     3.8108  0.388E-02  0.613E-02   0.00       0.00       1.00       1.00    
    10.0000     9.4105     5.1123     3.8242  0.388E-02  0.613E-02   0.00       0.00       1.00       1.00    
    10.0000     9.4438     5.1336     3.8375  0.386E-02  0.610E-02   0.00       0.00       1.00       1.00    
    10.0000     9.4777     5.1546     3.8511  0.386E-02  0.610E-02   0.00       0.00       1.00       1.00    
    10.0000     9.5112     5.1758     3.8643  0.385E-02  0.606E-02   0.00       0.00       1.00       1.00    
    10.0000     9.5449     5.1970     3.8771  0.385E-02  0.606E-02   0.00       0.00       1.00       1.00    
    10.0000     9.5785     5.2181     3.8898  0.383E-02  0.606E-02   0.00       0.00       1.00       1.00    
    10.0000     9.6119     5.2394     3.9025  0.383E-02  0.602E-02   0.00       0.00       1.00       1.00    
    10.0000     9.6458     5.2604     3.9154  0.383E-02  0.602E-02   0.00       0.00       1.00       1.00    
    10.0000     9.6794     5.2816     3.9282  0.382E-02  0.599E-02   0.00       0.00       1.00       1.00    
    10.0000     9.7130     5.3029     3.9409  0.382E-02  0.599E-02   0.00       0.00       1.00       1.00    
    10.0000     9.7466     5.3242     3.9537  0.380E-02  0.599E-02   0.00       0.00       1.00       1.00    
    10.0000     9.7799     5.3454     3.9664  0.380E-02  0.595E-02   0.00       0.00       1.00       1.00    
    10.0000     9.8137     5.3669     3.9792  0.380E-02  0.595E-02   0.00       0.00       1.00       1.00    
    10.0000     9.8473     5.3883     3.9920  0.379E-02  0.592E-02   0.00       0.00       1.00       1.00    
    10.0000     9.8808     5.4094     4.0047  0.379E-02  0.592E-02   0.00       0.00       1.00       1.00    
     0.0000     9.9144     5.4306     4.0175  0.377E-02  0.592E-02   0.00       0.00       1.00       1.00    
