MODEL.01
 
ISOTROPIC
KGS
SPHERICAL EARTH
1-D
CONSTANT VELOCITY
LINE08
LINE09
LINE10
LINE11
      H(KM)   VP(KM/S)   VS(KM/S) RHO(GM/CC)     QP         QS       ETAP       ETAS      FREFP      FREFS    
     2.0000     6.0607     3.3807     2.7205  0.118E-02  0.167E-02   0.00       0.00       1.00       1.00    
     2.0000     6.0781     3.3901     2.7256  0.118E-02  0.167E-02   0.00       0.00       1.00       1.00    
     2.0000     6.1187     3.4130     2.7375  0.118E-02  0.167E-02   0.00       0.00       1.00       1.00    
     2.0000     6.1837     3.4492     2.7563  0.118E-02  0.167E-02   0.00       0.00       1.00       1.00    
     2.0000     6.2604     3.4917     2.7784  0.118E-02  0.167E-02   0.00       0.00       1.00       1.00    
     2.0000     6.3328     3.5324     2.7991  0.118E-02  0.167E-02   0.00       0.00       1.00       1.00    
     2.0000     6.3899     3.5642     2.8155  0.118E-02  0.167E-02   0.00       0.00       1.00       1.00    
     2.0000     6.4280     3.5856     2.8265  0.118E-02  0.167E-02   0.00       0.00       1.00       1.00    
     2.0000     6.4518     3.5985     2.8336  0.118E-02  0.167E-02   0.00       0.00       1.00       1.00    
     2.0000     6.4694     3.6085     2.8392  0.118E-02  0.167E-02   0.00       0.00       1.00       1.00    
     2.0000     6.5045     3.6277     2.8505  0.118E-02  0.167E-02   0.00       0.00       1.00       1.00    
     2.0000     6.5607     3.6594     2.8659  0.118E-02  0.167E-02   0.00       0.00       1.00       1.00    
     2.0000     6.6476     3.7079     2.8893  0.118E-02  0.167E-02   0.00       0.00       1.00       1.00    
     2.0000     6.7688     3.7756     2.9214  0.118E-02  0.167E-02   0.00       0.00       1.00       1.00    
     2.0000     6.9217     3.8606     2.9615  0.118E-02  0.167E-02   0.00       0.00       1.00       1.00    
     2.0000     7.0983     3.9593     3.0138  0.118E-02  0.167E-02   0.00       0.00       1.00       1.00    
     2.0000     7.2885     4.0654     3.0743  0.118E-02  0.167E-02   0.00       0.00       1.00       1.00    
     2.0000     7.4797     4.1720     3.1349  0.118E-02  0.167E-02   0.00       0.00       1.00       1.00    
     2.0000     7.6595     4.2724     3.1949  0.118E-02  0.167E-02   0.00       0.00       1.00       1.00    
     2.0000     7.8175     4.3603     3.2477  0.118E-02  0.167E-02   0.00       0.00       1.00       1.00    
     2.0000     7.9433     4.4307     3.2896  0.118E-02  0.167E-02   0.00       0.00       1.00       1.00    
     2.0000     8.0301     4.4791     3.3188  0.118E-02  0.167E-02   0.00       0.00       1.00       1.00    
     2.0000     8.0726     4.5026     3.3334  0.118E-02  0.167E-02   0.00       0.00       1.00       1.00    
     2.0000     8.0688     4.5006     3.3317  0.118E-02  0.167E-02   0.00       0.00       1.00       1.00    
     2.0000     8.0181     4.4723     3.3133  0.118E-02  0.167E-02   0.00       0.00       1.00       1.00    
     5.0000     7.9418     4.4297     3.2875  0.118E-02  0.167E-02   0.00       0.00       1.00       1.00    
     5.0000     7.8273     4.3664     3.2493  0.118E-02  0.167E-02   0.00       0.00       1.00       1.00    
     5.0000     7.7251     4.3105     3.2155  0.118E-02  0.167E-02   0.00       0.00       1.00       1.00    
     5.0000     7.6635     4.2769     3.1954  0.118E-02  0.167E-02   0.00       0.00       1.00       1.00    
     5.0000     7.6474     4.2687     3.1904  0.118E-02  0.167E-02   0.00       0.00       1.00       1.00    
     5.0000     7.6757     4.2767     3.2004  0.118E-02  0.167E-02   0.00       0.00       1.00       1.00    
     5.0000     7.6923     4.2954     3.2061  0.118E-02  0.167E-02   0.00       0.00       1.00       1.00    
     5.0000     7.7154     4.3092     3.2139  0.118E-02  0.167E-02   0.00       0.00       1.00       1.00    
     5.0000     7.7240     4.3132     3.2168  0.118E-02  0.167E-02   0.00       0.00       1.00       1.00    
     5.0000     7.7361     4.3227     3.2209  0.118E-02  0.167E-02   0.00       0.00       1.00       1.00    
    10.0000     7.7572     4.3319     3.2280  0.118E-02  0.167E-02   0.00       0.00       1.00       1.00    
    10.0000     7.7718     4.3446     3.2329  0.118E-02  0.167E-02   0.00       0.00       1.00       1.00    
    10.0000     7.8121     4.3606     3.2465  0.862E-02  0.131E-01   0.00       0.00       1.00       1.00    
    10.0000     7.8674     4.3782     3.2652  0.862E-02  0.131E-01   0.00       0.00       1.00       1.00    
    10.0000     7.9247     4.3958     3.2845  0.855E-02  0.131E-01   0.00       0.00       1.00       1.00    
    10.0000     7.9836     4.4169     3.3044  0.847E-02  0.131E-01   0.00       0.00       1.00       1.00    
    10.0000     8.0436     4.4373     3.3255  0.847E-02  0.131E-01   0.00       0.00       1.00       1.00    
    10.0000     8.1034     4.4562     3.3468  0.833E-02  0.130E-01   0.00       0.00       1.00       1.00    
    10.0000     8.1624     4.4754     3.3679  0.826E-02  0.129E-01   0.00       0.00       1.00       1.00    
    10.0000     8.2198     4.4941     3.3884  0.813E-02  0.128E-01   0.00       0.00       1.00       1.00    
    10.0000     8.2753     4.5110     3.4082  0.806E-02  0.126E-01   0.00       0.00       1.00       1.00    
    10.0000     8.3324     4.5348     3.4286  0.474E-02  0.746E-02   0.00       0.00       1.00       1.00    
    10.0000     8.3915     4.5652     3.4498  0.472E-02  0.741E-02   0.00       0.00       1.00       1.00    
    10.0000     8.4473     4.5940     3.4698  0.469E-02  0.741E-02   0.00       0.00       1.00       1.00    
    10.0000     8.5001     4.6215     3.4887  0.467E-02  0.735E-02   0.00       0.00       1.00       1.00    
    10.0000     8.5502     4.6469     3.5057  0.465E-02  0.735E-02   0.00       0.00       1.00       1.00    
    10.0000     8.5973     4.6705     3.5217  0.463E-02  0.730E-02   0.00       0.00       1.00       1.00    
    10.0000     8.6417     4.6921     3.5368  0.461E-02  0.730E-02   0.00       0.00       1.00       1.00    
    10.0000     8.6831     4.7123     3.5509  0.459E-02  0.725E-02   0.00       0.00       1.00       1.00    
    10.0000     8.7216     4.7308     3.5640  0.455E-02  0.725E-02   0.00       0.00       1.00       1.00    
    10.0000     8.7575     4.7477     3.5763  0.452E-02  0.719E-02   0.00       0.00       1.00       1.00    
    10.0000     8.7909     4.7633     3.5877  0.450E-02  0.714E-02   0.00       0.00       1.00       1.00    
    10.0000     8.8221     4.7775     3.5984  0.448E-02  0.714E-02   0.00       0.00       1.00       1.00    
    10.0000     8.8499     4.7904     3.6079  0.446E-02  0.709E-02   0.00       0.00       1.00       1.00    
    10.0000     8.8764     4.8024     3.6171  0.442E-02  0.704E-02   0.00       0.00       1.00       1.00    
    10.0000     8.9003     4.8131     3.6254  0.441E-02  0.704E-02   0.00       0.00       1.00       1.00    
    10.0000     8.9219     4.8221     3.6328  0.439E-02  0.699E-02   0.00       0.00       1.00       1.00    
    10.0000     8.9418     4.8307     3.6398  0.435E-02  0.694E-02   0.00       0.00       1.00       1.00    
    10.0000     8.9595     4.8377     3.6460  0.433E-02  0.690E-02   0.00       0.00       1.00       1.00    
    10.0000     8.9754     4.8442     3.6516  0.431E-02  0.690E-02   0.00       0.00       1.00       1.00    
    10.0000     9.0119     4.8615     3.6648  0.427E-02  0.685E-02   0.00       0.00       1.00       1.00    
    10.0000     9.3769     5.0911     3.8108  0.388E-02  0.613E-02   0.00       0.00       1.00       1.00    
    10.0000     9.4105     5.1123     3.8242  0.388E-02  0.613E-02   0.00       0.00       1.00       1.00    
    10.0000     9.4438     5.1336     3.8375  0.386E-02  0.610E-02   0.00       0.00       1.00       1.00    
    10.0000     9.4777     5.1546     3.8511  0.386E-02  0.610E-02   0.00       0.00       1.00       1.00    
    10.0000     9.5112     5.1758     3.8643  0.385E-02  0.606E-02   0.00       0.00       1.00       1.00    
    10.0000     9.5449     5.1970     3.8771  0.385E-02  0.606E-02   0.00       0.00       1.00       1.00    
    10.0000     9.5785     5.2181     3.8898  0.383E-02  0.606E-02   0.00       0.00       1.00       1.00    
    10.0000     9.6119     5.2394     3.9025  0.383E-02  0.602E-02   0.00       0.00       1.00       1.00    
    10.0000     9.6458     5.2604     3.9154  0.383E-02  0.602E-02   0.00       0.00       1.00       1.00    
    10.0000     9.6794     5.2816     3.9282  0.382E-02  0.599E-02   0.00       0.00       1.00       1.00    
    10.0000     9.7130     5.3029     3.9409  0.382E-02  0.599E-02   0.00       0.00       1.00       1.00    
    10.0000     9.7466     5.3242     3.9537  0.380E-02  0.599E-02   0.00       0.00       1.00       1.00    
    10.0000     9.7799     5.3454     3.9664  0.380E-02  0.595E-02   0.00       0.00       1.00       1.00    
    10.0000     9.8137     5.3669     3.9792  0.380E-02  0.595E-02   0.00       0.00       1.00       1.00    
    10.0000     9.8473     5.3883     3.9920  0.379E-02  0.592E-02   0.00       0.00       1.00       1.00    
    10.0000     9.8808     5.4094     4.0047  0.379E-02  0.592E-02   0.00       0.00       1.00       1.00    
     0.0000     9.9144     5.4306     4.0175  0.377E-02  0.592E-02   0.00       0.00       1.00       1.00    
